-BEGIN HEADER-
NASA/POWER Agroclimatology Daily Averaged Data
Dates (month/day/year): 01/01/2015 through 12/31/2017
Location: Latitude 27.644   Longitude 84.349
Location clarification: Integer values may indicate the lower left (south and west) corner of the one degree lat/lon region that includes the requested locations
Elevation (meters): Average for one degree lat/lon region = 422
Methodology Documentation:
http://power.larc.nasa.gov/common/AgroclimatologyMethodology/Agro1d0_Methodology_Content.html
Parameter(s):
DOY      Day of Year
toa_dwn  Average Top-of-atmosphere Insolation (MJ/m^2/day)  
swv_dwn  Average Insolation Incident On A Horizontal Surface (MJ/m^2/day)  
lwv_dwn  Average Downward Longwave Radiative Flux (MJ/m^2/day)  
T2M      Average Air Temperature At 2 m Above The Surface Of The Earth (degreesC)  
T2MN     Minimum Air Temperature At 2 m Above The Surface Of The Earth (degreesC)  
T2MX     Maximum Air Temperature At 2 m Above The Surface Of The Earth (degreesC)  
RH2M     Relative Humidity At 2 m (%)  
DFP2M    Dew/Frost Point Temperature At 2 m (degreesC)  
RAIN     Average Precipitation (mm/day)  
WS10M    Wind Speed At 10 m Above The Surface Of The Earth (m/s)  
*Vegetation type: "Airport": flat rough grass
*Monthly surface roughness exponents:            
YEAR DOY toa_dwn swv_dwn lwv_dwn     T2M    T2MN    T2MX    RH2M   DFP2M    RAIN   WS10M
-END HEADER-
2015   1   21.35    5.22   29.59   17.69   11.42   24.72   53.78    8.25    0.24    2.75
2015   2   21.64    3.53   32.04   19.17   15.40   26.26   68.69   13.37    0.00    1.84
2015   3   21.56    3.60   31.50   20.15   15.14   27.02   69.24   14.43    1.44    1.73
2015   4   21.31   13.61   28.84   18.69   13.51   24.12   67.21   12.58    0.00    3.13
2015   5   21.82    7.06   30.42   15.73   10.09   23.50   49.48    5.18    0.00    2.68
2015   6   21.71    9.40   28.12   15.43    9.24   23.42   39.90    1.76    0.00    1.80
2015   7   21.89   13.43   25.67   16.22   11.03   23.83   39.21    2.22    0.00    1.74
2015   8   22.43   14.11   25.67   16.19   10.79   24.17   43.16    3.59    0.00    1.88
2015   9   22.25   13.36   26.21   15.41    9.25   24.79   36.86    0.62    0.00    2.70
2015  10   21.92    9.04   27.29   13.53    6.26   22.72   33.83   -2.23    0.00    2.32
2015  11   22.39    9.11   26.42   15.05    9.00   24.22   29.97   -2.54    0.03    1.60
2015  12   22.18   12.64   25.06   15.43    8.88   24.74   29.70   -2.33    0.00    1.78
2015  13   22.79   14.40   24.80   15.85    9.31   25.35   28.91   -2.32    0.00    1.78
2015  14   22.68   14.90   24.44   16.83   11.68   25.47   31.33   -0.38    0.00    2.01
2015  15   22.93   15.37   24.16   17.03   11.66   25.53   35.56    1.56    0.00    1.89
2015  16   22.46   14.47   25.74   16.84   11.35   25.39   34.12    0.81    0.00    2.42
2015  17   22.90   10.76   28.12   15.93   10.28   24.77   34.72    0.25    0.00    2.28
2015  18   22.90   12.10   27.76   14.94    8.53   24.08   39.71    1.25    0.00    2.66
2015  19   23.18   10.98   27.50   14.59    8.97   23.42   33.99   -1.23    0.00    2.38
2015  20   22.86   14.15   25.45   14.66    8.42   23.33   31.37   -2.26    0.00    2.12
2015  21   22.75   16.63   22.86   15.82    9.06   24.99   28.40   -2.59    0.00    1.88
2015  22   23.58   15.80   25.24   17.58   10.53   26.53   24.28   -3.16    1.11    1.81
2015  23   23.15   15.19   26.82   18.89   13.41   27.03   32.99    2.14    0.00    3.05
2015  24   24.23   16.60   24.77   17.77   10.92   26.80   44.38    5.44    0.00    3.40
2015  25   23.65   12.53   26.93   17.60   11.01   26.97   34.80    1.76    0.30    2.74
2015  26   23.87    8.06   29.38   17.26   11.40   26.79   39.58    3.30    0.29    2.41
2015  27   23.90   13.21   28.04   16.36   12.38   22.96   60.20    8.70    0.00    2.60
2015  28   24.01   16.85   25.60   17.59   12.01   26.09   46.95    6.11    0.00    2.80
2015  29   24.55   15.95   26.03   17.65   12.47   24.99   38.20    3.13    0.00    2.71
2015  30   24.30   12.71   26.57   14.89    8.53   23.40   36.84    0.15    0.00    3.11
2015  31   24.55   16.06   25.38   15.14    6.44   23.43   31.27   -1.88    0.00    2.03
2015  32   24.19   16.92   23.58   15.78    9.46   24.42   29.36   -2.17    0.00    1.98
2015  33   24.30   17.39   24.55   18.03   11.99   25.53   29.53   -0.15    0.00    1.50
2015  34   24.52   17.21   26.57   20.00   14.01   28.92   29.37    1.49    0.00    1.75
2015  35   25.81   17.64   25.67   19.88   13.75   28.88   31.94    2.56    0.00    3.70
2015  36   25.27   12.31   27.50   17.47   10.39   26.56   31.93    0.44    0.00    2.62
2015  37   25.06   17.21   25.52   17.40   11.61   26.39   31.65    0.26    0.00    2.43
2015  38   25.92   16.96   24.62   18.02   11.02   27.26   27.66   -1.04    0.00    2.69
2015  39   25.88    9.04   27.94   18.62   13.31   27.34   35.69    3.02    0.00    3.19
2015  40   25.99   18.25   25.20   18.46   11.15   28.46   33.68    2.06    0.00    2.68
2015  41   26.89   18.72   23.80   19.25   13.10   28.49   22.29   -2.88    0.00    3.11
2015  42   26.46   13.18   24.88   17.81    9.91   27.78   23.08   -3.63    0.00    2.70
2015  43   26.42   18.50   25.02   18.78   12.93   27.51   25.02   -1.74    0.00    2.74
2015  44   26.89   18.36   25.42   18.81   12.62   27.61   28.64    0.11    0.00    3.03
2015  45   27.22   17.50   25.92   18.94   11.51   28.14   24.93   -1.65    0.02    2.09
2015  46   27.72   16.56   27.11   19.55   12.63   27.70   30.65    1.69    0.00    2.70
2015  47   27.14   18.29   26.89   20.99   13.56   29.55   31.16    3.18    0.08    2.15
2015  48   26.82   19.01   26.75   21.76   15.32   29.15   32.52    4.46    0.00    2.11
2015  49   27.86   18.04   28.30   22.32   14.89   29.89   35.93    6.40    4.15    2.52
2015  50   27.58   17.89   28.19   22.26   15.54   29.90   38.52    7.38    0.00    2.38
2015  51   28.66   17.28   29.45   22.76   16.72   30.77   34.53    6.21    0.00    2.31
2015  52   28.44   16.78   29.88   23.17   15.64   31.14   34.09    6.38    0.00    2.75
2015  53   28.94   19.55   29.56   24.67   17.07   33.28   27.85    4.78    0.00    2.25
2015  54   29.09   18.61   28.58   24.89   17.03   32.97   25.66    3.81    0.00    2.05
2015  55   29.23   18.72   29.05   25.28   17.90   33.50   25.22    3.90    0.00    2.21
2015  56   29.16   12.49   29.81   24.58   19.00   32.15   26.93    4.23    2.35    2.19
2015  57   29.20    3.67   31.93   23.05   18.57   29.42   34.56    6.48   17.87    2.15
2015  58   29.30   20.41   29.20   24.29   18.78   31.84   36.45    8.36    0.00    1.82
2015  59   30.06    8.71   30.89   26.37   18.20   34.38   23.80    4.01    4.45    2.60
2015  60   29.81    2.05   32.69   22.45   20.10   26.24   41.90    8.82    1.14    4.08
2015  61   30.10    5.80   32.22   19.63   16.10   24.39   69.03   13.89    0.00    2.92
2015  62   30.64   18.61   29.45   20.44   15.09   27.07   56.04   11.45    0.00    3.13
2015  63   30.13   18.76   26.96   19.34   13.73   25.48   51.78    9.21    0.00    3.18
2015  64   29.88   21.31   25.27   19.39   12.12   28.10   40.64    5.60    0.00    3.31
2015  65   31.86   21.64   25.42   20.30   13.33   29.03   36.70    4.91    0.00    3.11
2015  66   30.53   21.82   25.38   20.89   13.95   30.03   34.68    4.62    0.00    3.00
2015  67   31.18   21.71   26.32   22.91   15.20   31.35   28.44    3.56    0.00    2.01
2015  68   31.00   22.39   25.81   23.99   16.33   33.20   30.21    5.35    0.00    3.30
2015  69   31.72   23.11   24.16   23.28   15.44   32.82   24.28    1.68    0.00    4.10
2015  70   31.75   22.86   25.16   22.18   13.81   32.19   28.69    3.05    0.00    3.23
2015  71   31.64   21.10   26.78   23.29   15.02   33.60   26.71    3.01    0.00    3.12
2015  72   33.19   22.36   27.68   24.15   15.25   34.58   25.31    2.99    0.00    3.34
2015  73   32.54   14.08   30.78   24.55   18.32   34.08   33.49    7.34    0.00    3.86
2015  74   32.72    5.98   32.18   24.69   17.45   33.59   36.20    8.62    0.00    4.12
2015  75   32.44   21.49   30.38   23.81   17.00   31.32   46.04   11.51    0.00    2.99
2015  76   31.86   23.00   28.04   24.60   18.75   32.72   36.68    8.74    0.00    4.22
2015  77   32.62   20.30   28.44   23.76   17.48   31.75   37.09    8.15    0.00    3.66
2015  78   33.77   23.11   27.40   23.69   16.52   32.01   34.44    6.99    0.00    3.43
2015  79   34.49   23.22   27.94   24.84   17.67   33.79   32.04    6.94    0.00    2.55
2015  80   34.63   23.22   28.58   25.88   19.33   34.22   29.62    6.71    0.00    2.89
2015  81   33.05   23.29   29.20   27.00   18.82   36.47   27.27    6.48    0.00    3.10
2015  82   34.88   22.90   30.60   27.37   19.19   36.36   29.02    7.69    1.52    2.47
2015  83   34.06   23.40   30.28   29.10   21.43   36.96   26.25    7.72    0.00    1.79
2015  84   33.80   23.58   31.18   29.83   21.22   37.97   24.64    7.43    0.53    2.01
2015  85   34.16   23.08   32.44   30.19   21.94   38.03   27.17    9.16    5.85    2.49
2015  86   34.67   13.90   34.42   29.72   23.80   36.05   37.10   13.46   45.13    2.81
2015  87   35.53   22.61   32.90   29.56   22.78   36.10   38.78   14.02    0.00    2.14
2015  88   34.60   19.30   33.08   29.28   22.90   35.33   33.96   11.71    0.04    2.00
2015  89   35.10    2.45   33.34   24.81   19.65   30.19   53.46   14.79   31.69    3.28
2015  90   35.78   23.87   30.02   25.33   18.80   32.28   40.61   10.94    0.00    2.06
2015  91   36.43   23.83   30.46   27.02   20.18   34.85   36.95   11.00    1.77    2.71
2015  92   36.72   23.98   30.92   28.03   20.03   36.07   36.99   11.91    0.11    3.82
2015  93   35.46   19.91   31.82   29.08   21.89   38.17   32.46   10.84    0.00    3.40
2015  94   36.25   16.06   31.79   28.61   22.56   35.22   33.86   11.07    3.91    3.05
2015  95   36.29   24.30   30.31   27.94   22.71   34.51   32.68    9.95    0.02    2.62
2015  96   35.10   24.98   29.20   28.36   22.11   35.62   29.06    8.57    0.00    2.79
2015  97   36.04   12.06   32.08   29.28   21.02   37.25   26.80    8.18    0.00    2.83
2015  98   36.18   25.31   29.16   28.55   21.78   36.46   25.72    6.96    0.00    3.00
2015  99   37.22   25.67   28.66   28.38   21.21   36.34   24.32    6.01    0.00    3.34
2015 100   36.61   25.67   29.30   28.64   20.28   37.57   25.17    6.72    0.00    3.12
2015 101   37.58   25.78   29.74   30.31   22.05   38.83   17.15    2.65    0.02    2.15
2015 102   36.54   14.40   32.83   29.15   21.20   37.71   20.40    4.16    9.13    2.97
2015 103   36.97   13.97   34.34   28.73   24.28   35.32   28.43    8.57    6.44    2.63
2015 104   37.44   15.26   33.77   27.60   23.18   33.22   39.11   12.40   10.09    1.54
2015 105   36.79   13.54   34.74   30.45   23.92   37.93   30.27   10.99    1.12    2.91
2015 106   36.94   25.38   32.83   30.75   24.19   38.11   28.71   10.46    0.04    2.77
2015 107   36.83   17.68   33.98   30.28   24.34   36.15   32.76   12.04    0.00    2.75
2015 108   38.30   24.23   32.98   30.40   23.17   37.96   30.69   11.15    0.00    3.09
2015 109   37.91   24.73   32.90   32.37   23.42   41.08   22.31    8.12    0.00    2.52
2015 110   37.30   23.54   33.16   32.47   23.92   40.06   21.35    7.56    0.00    2.63
2015 111   38.20   23.83   33.37   33.21   24.62   41.57   18.73    6.27    1.40    3.13
2015 112   37.69   25.38   31.07   33.56   25.86   41.84   14.74    3.09    0.00    3.40
2015 113   37.76   27.07   29.84   32.47   24.42   40.76   11.20   -1.68    0.89    2.37
2015 114   38.02   21.60   32.33   32.08   23.12   40.04   19.63    6.03   35.04    3.60
2015 115   38.05    6.66   35.53   27.41   22.60   31.40   50.16   16.18    0.00    4.64
2015 116   37.58   21.92   33.88   26.58   20.78   32.26   46.26   14.12    0.00    2.88
2015 117   37.94   23.80   32.98   28.61   22.50   34.81   42.02   14.43    0.00    2.85
2015 118   38.34    8.24   33.70   29.85   23.72   36.11   37.03   13.55    5.71    2.78
2015 119   38.20   21.17   33.73   29.78   22.95   35.68   37.46   13.67    0.00    2.53
2015 120   38.66   23.26   33.73   30.60   23.73   37.03   32.16   12.03    0.00    2.18
2015 121   39.28   25.56   32.40   31.95   23.73   39.22   26.46   10.27    0.00    2.20
2015 122   39.78   26.32   31.36   32.33   24.67   39.93   20.99    7.20    0.29    2.16
2015 123   38.45   27.14   29.56   32.03   23.26   40.16   18.02    4.75    0.00    2.49
2015 124   37.73   27.50   29.02   32.53   23.42   41.66   13.33    0.84    0.00    3.22
2015 125   38.12   27.00   30.53   33.66   23.86   41.71   14.08    2.50    0.00    2.37
2015 126   38.27   26.42   32.15   33.92   24.73   42.35   14.57    3.20    0.00    2.43
2015 127   38.63   25.09   33.12   33.58   24.26   41.97   15.38    3.72    5.51    2.68
2015 128   38.66   22.32   35.50   33.67   25.78   41.23   19.57    7.29    4.80    2.66
2015 129   38.99   23.40   35.60   33.89   26.19   40.90   22.91    9.78    0.70    2.51
2015 130   39.78   20.52   35.03   35.65   27.16   42.74   18.68    8.22    6.60    2.19
2015 131   40.50   25.09   34.88   35.04   28.15   42.09   19.99    8.72    8.85    2.70
2015 132   40.10   24.12   34.02   33.57   26.37   40.84   27.34   12.14    0.89    2.81
2015 133   40.46   25.24   33.95   33.91   26.28   41.01   20.35    8.05    0.00    2.10
2015 134   39.85   25.85   34.24   34.19   26.76   40.82   21.08    8.80    0.00    2.78
2015 135   39.42   16.16   37.01   35.28   28.34   42.26   22.53   10.69    0.00    3.18
2015 136   40.10   20.09   34.88   35.10   29.42   42.25   20.93    9.45    0.00    2.76
2015 137   39.35   25.31   34.34   34.45   26.75   41.27   23.17   10.42    0.00    2.33
2015 138   40.18   19.55   35.46   35.03   27.56   41.60   21.39    9.72    0.00    1.95
2015 139   40.54   22.50   37.01   35.50   28.43   42.05   27.28   13.76   11.71    2.69
2015 140   39.74   24.77   36.04   35.83   28.10   42.97   22.35   11.03    0.00    2.45
2015 141   39.96   26.68   33.52   35.78   27.94   43.14   16.76    6.73    0.00    2.55
2015 142   39.49   27.79   32.00   36.25   26.65   45.49   11.71    1.86    0.00    3.10
2015 143   39.64   28.04   31.10   36.28   26.68   44.69    9.14   -1.64    0.00    2.38
2015 144   40.14   27.68   32.26   35.83   26.35   44.23   12.79    2.81    0.00    3.17
2015 145   39.42   27.00   33.66   35.78   26.95   43.66   15.06    5.16    0.94    2.75
2015 146   39.35   27.43   33.62   36.18   27.85   43.67   17.82    7.96    0.08    2.47
2015 147   40.46   27.50   33.05   35.58   28.32   42.73   15.99    5.88    0.00    2.41
2015 148   41.00   26.17   33.98   35.28   27.36   42.64   14.58    4.30    0.00    2.24
2015 149   40.32   23.18   36.32   35.78   27.41   43.55   19.23    8.76    0.36    2.49
2015 150   39.78   24.52   36.40   36.32   29.07   43.15   26.49   14.01    1.76    2.68
2015 151   40.00   26.35   34.85   36.61   28.12   43.83   20.21   10.18    0.11    2.74
2015 152   41.40   26.86   34.09   36.93   28.12   44.28   16.59    7.50    0.21    3.05
2015 153     -       -     33.88   37.18   30.26   44.00   14.98    6.20    0.00    1.96
2015 154   40.82   24.26   34.34   36.69   28.40   43.33   15.27    6.09    1.78    2.26
2015 155   40.03   24.05   37.40   36.44   30.55   42.54   29.72   15.89    1.26    2.90
2015 156   41.44   25.78   36.58   37.13   32.01   43.31   23.39   12.80    0.00    2.51
2015 157   40.57   27.22   34.63   37.55   30.42   45.28   15.66    7.15    0.00    3.66
2015 158   40.75   27.07   34.06   37.72   30.90   45.03   15.05    6.69    0.00    2.97
2015 159   40.72   27.04   34.49   38.10   30.40   45.46   14.39    6.33    0.00    2.00
2015 160   41.11   26.35   36.00   38.50   29.76   45.83   16.71    8.87    4.31    2.51
2015 161   40.18   21.35   39.31   38.76   30.56   46.24   16.32    8.73   17.83    2.43
2015 162   41.26   15.26   39.82   36.68   31.55   42.42   30.22   16.36    3.32    3.26
2015 163   40.64   18.00   39.92   37.03   30.04   42.85   26.34   14.53   16.42    3.32
2015 164   40.21   22.10   37.66   37.01   31.12   42.75   27.25   15.03   11.63    3.24
2015 165   39.82   26.28   36.40   36.64   30.91   42.01   27.51   14.86    0.53    1.64
2015 166   41.26   20.05   37.26   35.45   29.85   41.03   32.71   16.54    0.54    2.50
2015 167   40.00   23.36   37.40   35.29   30.70   40.27   33.45   16.75    0.06    2.11
2015 168   41.54   23.87   37.73   35.78   30.35   40.78   34.45   17.65    0.25    2.23
2015 169   41.29   24.30   38.48   36.15   30.63   41.70   35.79   18.60    1.91    3.36
2015 170   40.10   24.05   38.05   35.78   31.15   40.45   36.05   18.39    9.24    4.12
2015 171   39.82   24.80   38.70   37.13   31.31   42.86   32.72   18.01    2.41    3.12
2015 172   41.51   24.26   39.13   36.01   32.04   40.60   38.59   19.71    7.00    4.57
2015 173   41.51   21.02   39.74   34.36   30.49   38.37   43.05   20.03    5.52    5.31
2015 174   40.86   19.15   39.78   34.56   29.40   41.12   44.17   20.64    4.20    3.14
2015 175   40.14   20.38   39.31   34.71   28.88   40.03   46.97   21.81   12.14    2.37
2015 176   40.43   15.44   39.31   35.68   31.50   40.06   41.38   20.57   16.99    3.46
2015 177   40.90   10.44   39.74   34.55   30.57   39.43   46.94   21.66   12.03    2.75
2015 178   40.50    8.17   40.00   32.75   27.90   37.36   51.76   21.65    0.87    2.22
2015 179   41.04    6.59   38.70   29.25   26.28   33.75   68.37   22.97    1.10    3.62
2015 180   40.25   13.97   38.02   30.01   26.17   33.67   61.12   21.85    0.05    4.92
2015 181   41.04   22.39   38.05   32.92   28.12   37.71   51.99   21.88   15.49    2.61
2015 182   40.97   14.90   38.12   32.61   28.12   37.68   51.69   21.50    1.18    2.00
2015 183   40.43   21.96   38.12   33.50   28.41   38.44   48.85   21.37    0.02    1.70
2015 184   40.14   20.99   39.06   34.89   29.33   41.30   40.10   19.33   11.07    2.85
2015 185   40.21   17.68   39.24   35.62   28.28   42.69   32.86   16.76   16.28    4.15
2015 186   40.28    3.31   39.64   36.40   30.19   42.69   38.70   20.10   22.43    2.98
2015 187   40.64   13.93   39.02   30.83   28.37   33.95   63.17   23.17    4.48    2.09
2015 188   40.61   14.47   38.45   29.03   27.32   30.87   71.88   23.57    2.91    1.29
2015 189   40.03   21.20   38.23   29.10   27.13   32.27   75.13   24.35    6.90    2.35
2015 190   40.75   18.47   39.10   30.55   26.44   35.01   67.15   23.92    5.49    2.70
2015 191   40.68   15.01   38.59   29.17   26.94   33.14   70.36   23.36    0.86    6.41
2015 192   40.61   11.59   38.16   28.81   25.59   33.24   71.16   23.19    0.21    5.95
2015 193   40.14   21.49   37.62   31.13   26.24   36.65   63.11   23.44    0.00    3.49
2015 194   40.43   22.00   38.23   31.95   26.94   36.92   60.84   23.61    2.99    2.64
2015 195   39.74   18.65   39.20   32.53   27.85   36.84   60.77   24.14   25.95    2.64
2015 196   40.14    8.28   39.17   29.97   26.89   33.24   72.01   24.51   66.38    2.34
2015 197   40.14    8.46   39.02   28.81   26.12   32.63   82.26   25.54    6.68    2.58
2015 198   40.50   21.02   38.38   29.88   26.16   34.07   73.84   24.83   10.04    3.05
2015 199   40.50   19.01   37.73   29.67   26.17   32.84   71.68   24.14    1.45    1.89
2015 200   39.38   20.48   37.80   30.55   25.62   35.67   65.86   23.60    5.19    2.83
2015 201   40.21   17.24   38.38   29.71   26.19   33.88   71.19   24.07    1.12    3.30
2015 202   39.20   20.52   38.27   29.83   25.48   34.88   68.37   23.52    0.16    3.64
2015 203   39.67   17.57   38.20   29.60   25.47   34.43   71.18   23.96    0.06    3.52
2015 204   39.31   15.88   37.91   28.11   26.17   30.86   81.75   24.75    2.37    2.63
2015 205   39.56   21.17   37.69   27.97   25.62   30.56   81.87   24.64    4.19    2.78
2015 206   40.07   18.72   38.20   29.50   25.61   34.51   72.76   24.22    0.97    2.40
2015 207   38.95   24.98   36.04   30.08   25.23   34.74   68.27   23.74    0.00    1.60
2015 208   38.95   23.62   36.43   30.18   26.25   34.98   64.28   22.85    8.50    3.53
2015 209   39.78   22.72   37.33   30.22   26.00   34.93   63.72   22.74    7.16    3.30
2015 210   39.24   19.08   38.45   30.95   26.06   36.78   57.88   21.84   46.05    4.05
2015 211   39.96   23.44   38.12   30.65   26.40   35.46   64.79   23.42   23.86    3.01
2015 212   38.95   13.82   38.92   31.10   26.04   37.02   61.74   23.05    5.47    2.53
2015 213   39.13    8.50   38.38   29.11   26.04   32.86   70.92   23.43    0.00    1.99
2015 214   38.66   15.41   38.38   30.58   25.71   35.10   62.12   22.66    0.00    1.64
2015 215   39.46   20.77   37.84   30.35   25.87   35.07   64.55   23.08    2.78    2.38
2015 216   39.24   17.68   38.23   30.40   25.87   34.68   65.63   23.40    0.55    2.38
2015 217   38.95   14.36   38.45   29.60   26.28   34.29   66.96   22.96    3.31    1.29
2015 218   38.92   13.64   38.48   30.49   26.56   34.72   63.89   23.04    8.56    1.46
2015 219   38.45   13.43   39.13   30.17   27.18   33.57   67.42   23.62    0.94    1.45
2015 220   38.48   17.14   38.99   31.08   26.50   36.47   61.96   23.09    0.00    1.66
2015 221   38.84   17.50   38.66   32.03   26.61   37.15   56.25   22.37    0.05    1.80
2015 222   38.81   20.81   38.70   32.78   27.47   38.36   57.84   23.55   42.72    1.66
2015 223   38.56   22.21   38.05   30.81   27.69   34.46   69.84   24.81    2.68    1.92
2015 224   37.48   20.38   37.76   30.66   27.48   33.92   63.07   22.99    1.58    1.34
2015 225   38.48   16.78   38.63   31.01   26.89   35.49   66.62   24.23    0.16    2.49
2015 226   38.34   16.16   38.45   30.92   27.24   34.36   67.96   24.47    0.08    2.24
2015 227   37.91   19.37   38.09   31.36   27.01   36.10   66.29   24.48    0.20    2.21
2015 228   37.87   16.34   38.74   30.81   27.69   34.79   67.80   24.33   34.80    1.38
2015 229   37.40   12.49   38.84   31.45   26.97   36.24   63.85   23.94   29.11    2.25
2015 230   37.94   12.46   38.95   30.47   27.07   34.71   66.81   23.76    0.48    2.17
2015 231   37.30   14.62   39.02   30.73   26.45   35.26   65.47   23.67   38.45    3.22
2015 232   37.62   11.88   38.63   31.42   26.72   36.85   58.68   22.51   62.29    3.72
2015 233   37.33    6.77   38.63   31.15   27.21   35.86   58.40   22.17    1.63    4.24
2015 234   36.79   17.21   38.41   31.17   26.64   35.95   58.49   22.22    0.85    2.67
2015 235   37.01   16.16   38.23   30.89   26.53   35.40   62.47   23.05    0.00    1.50
2015 236   37.30   20.23   37.30   31.92   26.97   37.23   54.77   21.82   15.39    2.55
2015 237   36.90   14.90   38.41   32.42   27.64   37.72   52.75   21.66    2.61    2.43
2015 238   37.37   17.24   38.95   32.23   28.35   36.94   57.45   22.92   55.28    1.55
2015 239   36.54   13.97   38.12   28.35   26.83   30.32   80.48   24.73   14.49    1.32
2015 240   37.22   18.14   37.91   29.42   25.85   32.67   72.94   24.18    1.00    1.81
2015 241   36.47   18.14   38.05   30.72   27.02   34.76   66.20   23.85    2.74    1.50
2015 242   36.72   19.44   37.84   31.92   26.99   37.45   55.95   22.18   15.10    2.32
2015 243   36.18   16.70   37.66   32.28   27.22   38.00   49.36   20.42    1.94    2.89
2015 244   36.36   16.67   36.94   32.19   27.32   38.20   47.74   19.78    4.34    3.38
2015 245   36.68   21.02   35.82   31.49   25.11   38.40   42.22   17.12    2.04    2.65
2015 246   35.75   20.02   35.57   32.03   26.30   38.35   41.23   17.22    0.00    1.62
2015 247   35.14   21.28   34.96   31.92   26.50   38.38   41.06   17.05    0.24    1.94
2015 248   35.17   21.38   34.99   31.99   26.19   38.46   41.65   17.35    0.00    2.32
2015 249   35.78   14.76   35.50   32.20   26.97   38.43   44.42   18.59    3.71    1.70
2015 250   35.50   20.84   34.99   31.68   27.15   37.92   44.90   18.30    0.00    2.32
2015 251   34.88   21.38   34.81   31.95   25.84   38.50   42.11   17.49    0.00    1.80
2015 252   35.93   20.81   35.96   32.03   25.83   38.71   42.71   17.79    0.00    1.41
2015 253   35.46   19.19   37.04   32.69   26.76   38.68   45.27   19.35    3.77    1.62
2015 254   34.85   18.00   37.76   31.52   27.83   36.21   55.27   21.60   13.93    2.53
2015 255   35.06   10.80   37.15   28.42   26.28   30.70   73.24   23.28    7.47    2.13
2015 256   33.84   21.64   37.01   31.40   26.20   36.91   54.05   21.12    0.00    1.50
2015 257   34.60   20.27   37.08   32.70   27.58   37.68   49.12   20.72   18.38    1.00
2015 258   34.09   14.33   36.86   30.68   27.78   33.69   57.29   21.41    9.10    1.55
2015 259   33.70   19.19   36.68   30.74   26.26   35.58   57.82   21.62    0.00    1.89
2015 260   34.56   16.06   37.48   30.75   26.49   35.54   61.08   22.54    0.76    1.91
2015 261   33.19   20.56   36.94   31.88   27.02   36.81   57.15   22.50    0.00    1.38
2015 262   33.12   21.28   37.01   33.19   27.76   39.03   50.08   21.50    0.06    1.33
2015 263   33.01   17.17   37.80   30.92   27.17   36.80   59.81   22.35    0.33    2.75
2015 264   33.62   14.18   37.58   28.01   25.89   31.48   76.26   23.54    0.00    2.84
2015 265   33.01   13.14   38.27   28.46   25.42   32.51   75.89   23.89    0.15    1.84
2015 266   33.19   15.05   37.62   30.06   25.36   35.53   62.19   22.19    9.48    2.78
2015 267   32.76   11.52   36.36   29.92   24.40   36.88   47.10   17.47    0.00    4.38
2015 268   32.51   15.05   33.70   28.17   21.44   35.99   39.80   13.18    0.00    3.49
2015 269   32.18   18.65   33.05   28.96   23.28   36.10   40.83   14.29    0.00    2.18
2015 270   32.36   19.22   32.44   29.66   24.11   36.15   39.38   14.35    0.00    1.57
2015 271   32.00   19.76   32.44   29.88   24.08   36.15   41.89   15.53    0.00    1.30
2015 272   32.26   20.20   32.11   30.24   24.13   37.15   42.45   16.07    0.00    1.44
2015 273   32.51   20.12   32.08   30.36   23.92   37.49   41.73   15.91    0.00    1.74
2015 274   31.46   20.81   32.00   30.33   23.88   37.70   41.97   15.97    0.00    2.02
2015 275   32.00   20.84   31.82   30.15   24.08   37.59   40.49   15.23    0.00    2.55
2015 276   31.90   21.56   30.10   29.45   22.45   37.38   33.68   11.73    0.00    2.24
2015 277   31.07   21.56   29.84   29.24   21.35   37.75   32.31   10.92    0.00    2.01
2015 278   30.92   21.53   29.70   28.80   21.17   37.01   35.20   11.83    0.00    1.84
2015 279   31.50   21.38   28.98   29.36   22.44   37.19   34.47   12.01    0.00    1.56
2015 280   30.24   21.17   29.81   29.90   22.20   37.94   31.70   11.21    0.00    1.42
2015 281   30.64   20.88   29.95   29.77   23.83   38.07   31.80   11.14    0.00    2.08
2015 282   30.89   20.70   30.02   28.89   21.81   37.08   33.20   11.02    0.00    2.59
2015 283   30.10   19.51   31.46   29.27   22.73   36.93   33.64   11.55    0.00    1.90
2015 284   29.30   17.24   33.44   28.59   22.65   35.90   38.29   12.95    0.18    2.74
2015 285   29.52   11.84   34.02   27.99   22.87   33.76   47.48   15.83    7.93    1.97
2015 286   29.84   18.97   33.34   28.48   22.27   35.31   45.63   15.64    0.00    1.85
2015 287   29.30   17.21   33.55   28.97   22.92   36.37   42.50   14.94    0.17    2.12
2015 288   28.84   18.54   32.62   27.63   22.61   33.74   52.29   17.06    0.00    1.50
2015 289   28.55   15.55   31.75   27.51   21.95   34.35   44.47   14.34    0.00    1.86
2015 290   28.37   16.31   31.57   27.78   21.67   34.90   39.88   12.86    0.00    2.36
2015 291   28.40   17.42   31.90   28.07   22.56   35.05   39.23   12.87    0.00    1.62
2015 292   29.02   18.11   31.07   28.02   21.89   35.04   41.20   13.59    0.00    1.80
2015 293   28.40   17.60   31.57   27.86   21.94   35.74   36.69   11.64    0.00    2.26
2015 294   28.19   18.14   29.74   27.33   20.98   35.43   35.84   10.81    0.00    2.20
2015 295   27.50   17.42   28.84   26.47   19.85   34.90   31.97    8.34    0.00    2.47
2015 296   28.19   18.32   28.19   25.56   18.33   34.36   28.27    5.76    0.00    2.22
2015 297   27.90   18.47   27.47   26.05   18.16   34.51   25.05    4.46    0.00    1.79
2015 298   27.54   17.86   28.51   25.75   18.30   34.15   26.85    5.19    0.00    1.71
2015 299   27.25   17.50   27.65   25.63   18.50   33.60   28.26    5.81    0.00    1.77
2015 300   26.57   18.32   27.58   25.44   18.40   33.68   25.87    4.39    0.00    1.83
2015 301   26.78   16.06   28.58   24.85   16.90   32.53   26.98    4.48    7.82    1.49
2015 302   26.53    2.88   34.13   24.81   19.91   32.57   26.92    4.42   20.86    2.39
2015 303   25.74   16.24   29.92   22.63   18.51   28.95   31.68    4.85    0.00    1.50
2015 304   26.75   17.46   29.12   25.11   17.65   33.03   35.91    8.87    0.00    1.82
2015 305   25.38   17.60   29.92   25.57   19.06   33.02   43.50   12.23     -      1.51
2015 306   25.45   17.06   29.74   25.42   19.28   33.01   43.07   11.93     -      1.94
2015 307   26.21   17.57   28.62   25.19   19.97   32.54   36.12    9.03     -      2.43
2015 308   25.88   17.64   27.54   24.33   18.21   32.11   34.54    7.60     -      2.62
2015 309   25.42   16.85   28.76   24.40   18.08   32.43   33.38    7.16     -      2.24
2015 310   25.38   17.10   28.04   24.49   17.48   32.49   34.44    7.70     -      2.20
2015 311   25.56   16.60   27.68   24.35   17.62   32.36   31.42    6.23     -      2.20
2015 312   24.59   16.45   28.58   24.08   16.94   32.15   31.73    6.14     -      2.10
2015 313   24.52   17.03   27.00   24.28   18.38   32.53   29.50    5.26     -      2.20
2015 314   23.94   16.88   27.83   24.17   17.44   32.60   29.51    5.17     -      2.28
2015 315   24.01   16.74   27.25   23.97   17.87   32.14   32.01    6.17     -      2.55
2015 316   23.69   16.45   27.86   24.17   17.32   32.22   27.46    4.15     -      1.61
2015 317   24.66   16.06   28.19   24.01   16.78   31.99   31.71    6.07     -      1.90
2015 318   23.58   15.84   28.37   24.03   17.22   31.30   34.46    7.30     -      1.86
2015 319   24.26   14.69   29.09   24.10   17.01   32.01   33.02    6.73     -      2.19
2015 320   23.36   14.72   27.86   23.47   16.95   31.41   29.31    4.47     -      2.01
2015 321   23.65   14.58   28.62   23.51   17.60   32.00   27.93    3.82     -      2.40
2015 322   23.22   15.52   26.93   22.94   17.00   31.20   27.08    2.90     -      2.39
2015 323   23.04   15.70   26.32   22.57   16.20   30.75   23.04    0.36     -      2.03
2015 324   23.11   15.52   26.82   22.90   16.65   31.65   27.17    2.91     -      2.14
2015 325   22.54   15.73   26.75   22.91   16.67   31.36   28.89    3.78     -      1.91
2015 326   23.47   15.41   27.90   23.69   17.44   31.33   29.73    4.86     -      1.67
2015 327   22.90   15.44   28.33   23.17   17.69   30.49   32.70    5.78     -      2.03
2015 328   22.93   13.82   27.97   22.62   16.99   29.83   34.00    5.86     -      2.01
2015 329   23.04   13.97   27.00   22.92   16.32   30.44   26.63    2.64     -      1.71
2015 330   22.25   15.19   27.22   22.88   15.71   30.74   24.15    1.26     -      1.94
2015 331   22.50   14.54   27.36   22.53   16.55   30.02   27.07    2.54     -      2.19
2015 332   22.32    9.43   29.81   22.18   16.74   28.65   34.55    5.71     -      2.09
2015 333   22.32   14.62   28.98   24.24   18.42   31.22   34.03    7.30     -      1.93
2015 334   22.14   12.42   28.87   23.84   18.05   31.22   33.24    6.60     -      2.40
2015 335   22.32   13.93   28.94   23.42   17.85   31.27   33.24    6.24     -      2.32
2015 336   22.00    9.07   28.76   23.25   18.27   31.11   31.42    5.27     -      2.24
2015 337   22.39   14.33   27.90   22.19   17.31   30.03   34.15    5.54     -      2.93
2015 338   22.03   14.62   26.35   20.33   14.29   28.01   34.31    3.97     -      1.96
2015 339   21.46   13.18   27.76   20.34   13.90   28.17   33.42    3.60     -      1.93
2015 340   21.42   13.86   27.72   20.34   13.77   28.26   35.73    4.56     -      1.99
2015 341   21.64   14.15   27.25   20.20   14.30   28.02   36.54    4.76     -      1.88
2015 342   21.56   12.38   27.94   20.51   14.53   28.24   33.98    3.99     -      2.01
2015 343   21.92   13.57   27.79   20.23   13.92   27.91   34.43    3.93     -      1.88
2015 344   21.28   11.16   29.88   20.67   15.09   27.91   32.32    3.42     -      1.94
2015 345   21.20   14.36   27.36   20.95   14.54   28.81   28.40    1.85     -      1.91
2015 346   21.82   14.33   26.75   20.72   15.46   29.23   26.88    0.89     -      2.33
2015 347   21.56   13.32   25.70   18.56   13.16   26.59   31.68    1.29     -      2.29
2015 348   21.64   14.26   24.16   16.84   12.09   24.77   30.36   -0.80     -      2.36
2015 349   21.71   13.39   25.38   16.24   10.38   24.56   32.28   -0.49     -      2.19
2015 350   21.28   13.07   25.34   16.77   10.49   24.89   28.23   -1.84     -      1.83
2015 351   20.95   14.54   23.62   17.22   11.35   25.14   26.55   -2.28     -      1.95
2015 352   20.88   14.22   23.26   15.92   11.10   23.61   27.89   -2.74     -      2.32
2015 353   21.64   14.51   23.29   15.70    9.03   23.98   27.88   -2.94     -      2.01
2015 354   21.67   14.36   22.82   16.35   10.98   24.13   25.30   -3.66     -      1.84
2015 355   21.64   14.11   22.79   15.94   10.29   23.51   24.09   -4.65     -      1.81
2015 356   20.95   14.47   22.54   16.08    9.02   24.90   22.56   -5.39     -      2.07
2015 357   21.46   14.69   22.46   16.36   10.06   25.08   19.92   -6.76     -      2.15
2015 358   21.10   14.83   22.28   16.29   11.06   24.67   18.80   -7.56     -      2.28
2015 359   21.31   14.72   22.54   14.77    8.84   23.60   26.34   -4.48     -      3.07
2015 360   21.35   14.72   23.26   14.77    8.18   23.56   23.18   -6.14     -      2.23
2015 361   21.10   14.65   23.98   16.93   10.62   25.35   16.18   -8.97     -      1.96
2015 362   21.31   14.76   24.05   17.44   10.60   25.99   18.16   -7.06     -      1.78
2015 363   21.28   14.69   24.08   17.83   10.11   27.10   24.81   -2.66     -      2.09
2015 364   21.06   14.69   24.66   18.30   12.11   26.49   27.02   -1.11     -      1.90
2015 365   21.17   14.87   23.98   18.32   12.84   26.95   27.97   -0.63     -      1.87
2016   1   20.99   14.22   24.12   18.01   12.34   25.80   25.86   -1.95     -      2.09
2016   2   21.24   14.94   23.26   18.31   12.55   27.06   21.01   -4.44     -      2.12
2016   3   21.85   14.80   23.29   18.15   11.59   26.40   17.70   -6.81     -      1.98
2016   4   21.56   15.16   23.26   18.42   11.84   26.67   17.57   -6.69     -      1.93
2016   5   21.46   14.62   24.37   18.85   13.09   26.72   18.14   -5.92     -      1.89
2016   6   21.85   14.83   24.44   18.88   11.81   26.89   22.89   -2.84     -      1.95
2016   7   21.74   14.51   24.77   19.17   12.51   27.58   29.00    0.60     -      2.40
2016   8   21.96   14.29   26.53   19.26   14.06   27.39   32.72    2.35     -      2.60
2016   9   21.56   13.72   26.06   17.65   11.09   26.28   34.29    1.59     -      3.01
2016  10   22.39   13.28   25.96   17.64   10.52   25.53   31.74    0.51     -      1.84
2016  11   22.21   14.29   24.95   17.44   10.94   25.80   30.37   -0.27     -      1.95
2016  12   22.28   13.79   25.06   17.44   10.68   25.51   29.80   -0.54     -      1.89
2016  13   22.32   14.76   24.48   18.33   12.59   26.10   28.10   -0.56     -      2.12
2016  14   22.86   15.16   25.02   19.03   11.84   27.19   30.91    1.35     -      2.61
2016  15   22.46   14.87   25.42   18.60   13.40   26.49   31.24    1.13     -      2.53
2016  16   23.04   15.01   24.05   16.83   11.09   25.08   24.97   -3.42     -      2.48
2016  17   22.46   16.02   23.29   17.20   10.93   26.12   20.61   -5.62     -      2.20
2016  18   23.00   15.80   23.08   17.36   11.72   25.94   21.38   -5.01     -      2.46
2016  19   23.22    5.15   28.04   16.83   12.70   22.68   37.47    2.12     -      2.52
2016  20   23.22    7.20   29.88   14.34   11.04   19.47   75.11   10.04     -      2.27
2016  21   23.08    9.94   29.16   14.25    8.77   22.23   59.18    6.45     -      2.69
2016  22   23.15   11.34   27.11   13.55    7.89   22.10   42.53    0.98     -      2.00
2016  23   23.90   14.58   24.52   14.10    8.84   22.38   33.24   -1.97     -      2.09
2016  24   23.58   14.36   25.24   14.58    8.54   22.68   31.22   -2.40     -      1.82
2016  25   23.87   15.91   24.59   15.11    9.37   22.72   32.91   -1.22     -      1.68
2016  26   23.83   13.07   25.81   15.30    8.90   23.00   36.04    0.21     -      2.13
2016  27   24.05   15.70   24.95   15.90    9.08   23.72   34.33    0.06     -      1.99
2016  28   24.52   14.72   24.73   15.92    8.83   23.75   36.42    0.91     -      2.14
2016  29   24.62   16.34   25.13   16.87    9.74   25.24   39.30    2.84     -      2.17
2016  30   25.06   16.78   25.67   17.97   10.11   26.65   44.09    5.52     -      2.09
2016  31   24.48   14.26   28.22   19.65   11.92   27.51   41.28    6.06     -      1.84
2016  32   24.73   16.85   24.98   19.18   13.26   28.58   35.75    3.54     -      2.61
2016  33   24.88   15.70   25.63   18.66   12.86   27.74   32.31    1.65     -      2.85
2016  34   24.52   17.78   22.72   16.85   10.56   26.00   28.47   -1.66     -      3.03
2016  35   25.85   17.78   22.90   16.83   10.49   25.60   27.73   -2.03     -      1.95
2016  36   25.16   17.50   23.76   17.38   11.23   26.10   28.82   -1.04     -      2.21
2016  37   25.74   11.99   26.28   18.47   13.58   25.60   29.14    0.06     -      1.40
2016  38   25.24   18.22   25.67   20.16   13.12   29.39   28.22    1.08     -      3.05
2016  39   25.67   13.72   28.84   19.98   14.74   27.14   39.71    5.79     -      2.32
2016  40   25.63   17.50   25.96   18.61   12.55   26.64   48.72    7.61     -      2.28
2016  41   25.70   17.71   24.77   19.04   13.26   27.31   38.50    4.49     -      2.36
2016  42   25.96   18.58   24.08   19.75   13.41   27.99   31.47    2.23     -      2.05
2016  43   26.71   19.30   23.04   18.94   12.29   28.61   26.86   -0.65     -      3.24
2016  44   26.35   18.94   24.70   20.87   13.25   30.26   25.32    0.20     -      2.20
2016  45   26.82   19.19   25.42   21.99   15.30   30.94   26.21    1.63     -      2.40
2016  46   26.53   19.69   24.48   21.42   14.42   30.94   26.51    1.30     -      2.89
2016  47   27.25   11.41   28.48   20.49   15.62   26.77   40.32    6.47     -      3.06
2016  48   27.18   19.55   26.50   22.84   15.62   32.85   35.26    6.59     -      3.67
2016  49   27.90   19.26   28.80   24.16   16.17   34.57   29.10    4.96     -      3.05
2016  50   27.36   18.07   30.02   24.53   16.76   34.39   30.68    6.04     -      2.97
2016  51   28.01    6.23   34.60   24.99   19.91   32.81   36.99    9.21     -      2.82
2016  52   29.12   20.05   27.86   23.70   17.08   32.40   38.75    8.76     -      4.15
2016  53   28.58   16.06   29.23   21.88   13.53   31.72   26.30    1.58     -      2.97
2016  54   28.66   18.97   27.58   21.75   14.57   30.59   19.34   -2.69     -      2.43
2016  55   29.27   18.32   25.78   21.74   14.10   29.62   18.72   -3.13     -      1.78
2016  56   28.58   20.48   25.13   22.33   13.87   30.74   19.16   -2.34     -      2.04
2016  57   29.81   18.11   25.63   22.14   14.19   29.56   23.28    0.14     -      2.43
2016  58   29.30   20.09   27.00   23.23   14.76   31.86   25.69    2.41     -      2.26
2016  59   29.66   19.91   29.02   23.96   16.49   32.26   27.41    3.94     -      1.95
2016  60   29.34   20.84   28.15   24.74   17.26   33.16   27.78    4.80     -      2.27
2016  61   29.48   20.12   27.76   24.40   17.48   32.81   26.29    3.73     -      2.45
2016  62   30.13   20.99   27.32   25.28   17.29   33.64   22.97    2.60     -      2.22
2016  63   31.18   20.45   27.76   25.60   17.94   33.67   21.65    2.05     -      2.42
2016  64   30.60   21.02   27.68   25.76   17.58   34.39   21.11    1.83     -      2.49
2016  65   31.07   20.16   28.44   26.19   18.33   35.34   19.89    1.36     -      2.93
2016  66   30.71   18.14   29.02   25.98   18.69   34.72   19.60    0.98     -      2.77
2016  67   31.43   21.67   28.26   26.24   18.55   34.42   23.84    3.92     -      3.24
2016  68   30.71   21.38   29.16   26.47   19.30   34.62   31.64    8.18     -      3.37
2016  69   31.68   22.10   27.94   26.71   19.67   35.49   25.19    5.10     -      3.98
2016  70   31.43   22.36   27.40   26.44   19.28   35.71   20.99    2.32     -      4.10
2016  71   32.44   22.32   28.33   27.44   19.35   36.51   21.44    3.44     -      3.68
2016  72   32.65   17.17   32.11   28.78   20.17   38.34   20.01    3.58     -      4.18
2016  73   32.33   14.72   31.50   24.71   19.67   32.95   38.39    9.52     -      3.92
2016  74   32.44   12.49   30.60   23.22   17.98   28.87   42.84    9.86     -      1.76
2016  75   33.80   22.79   27.86   24.47   17.38   32.28   31.54    6.39     -      3.50
2016  76   32.47   23.08   26.50   24.17   16.92   32.93   22.75    1.53     -      3.47
2016  77   33.12   17.93   28.51   25.55   17.35   33.65   18.20   -0.39     -      2.28
2016  78   33.70   23.11   28.48   26.63   18.78   34.56   20.05    1.83     -      3.03
2016  79   34.06   23.04   28.91   28.08   20.68   36.82   21.38    3.93     -      3.28
2016  80   34.24   23.54   28.48   28.99   20.83   38.02   19.84    3.64     -      3.34
2016  81   34.34   24.19   27.40   28.71   21.33   37.31   13.52   -1.97     -      6.28
2016  82   33.44   24.34   25.81   25.62   16.92   35.22   12.43   -5.54     -      3.86
2016  83   33.77   24.70   25.74   26.95   17.83   36.50    9.76   -7.76     -      2.85
2016  84   34.60   23.83   28.12   27.74   18.35   37.08    9.70   -7.24     -      2.78
2016  85   35.50   24.48   27.83   29.43   20.03   37.88   11.96   -3.10     -      2.18
2016  86   35.35   23.72   30.10   30.83   22.27   39.10   11.93   -2.05     -      2.05
2016  87   35.35   21.06   31.79   30.41   22.08   38.46   13.85   -0.29     -      2.34
2016  88   33.98   23.83   31.25   29.91   23.00   37.93   20.53    4.88     -      3.48
2016  89   35.39   23.40   29.41   28.86   21.92   37.09   16.86    1.24     -      2.61
2016  90   35.14   22.79   30.67   29.89   22.23   37.86   14.28   -0.27     -      2.33
2016  91   35.64   20.30   31.68   29.61   20.92   37.37   16.85    1.84     -      2.60
2016  92   35.46   23.51   31.61   30.21   21.20   38.65   15.67    1.29     -      2.70
2016  93   35.39   21.10   33.62   29.68   22.32   37.75   28.45    9.40     -      3.32
2016  94   36.25   20.70   35.03   31.58   23.98   39.10   24.02    8.54     -      2.59
2016  95   36.40   16.99   33.37   32.20   24.42   39.21   23.51    8.74     -      2.52
2016  96   36.14   23.18   32.47   33.01   25.81   40.95   18.09    5.61     -      3.19
2016  97   36.32   19.19   32.51   33.33   25.24   42.43   17.39    5.30     -      6.11
2016  98   35.71   23.72   31.28   31.98   23.82   40.75   18.20    4.86     -      4.46
2016  99   35.75   25.52   29.99   31.90   24.58   40.53   18.64    5.13     -      4.08
2016 100   37.30   25.96   29.41   32.83   24.64   41.79   13.44    1.19     -      4.89
2016 101   37.55   25.31   30.13   33.43   24.44   42.75    9.60   -3.09     -      5.99
2016 102   37.37   25.63   30.67   33.93   26.02   42.91   11.26   -0.48     -      6.07
2016 103   36.50   26.28   28.55   31.83   24.24   40.25   14.21    1.20     -      5.80
2016 104   37.26   25.85   29.45   31.42   22.47   40.78   14.68    1.33     -      5.13
2016 105   38.02   25.85   30.46   32.16   23.73   40.90   15.87    3.04     -      3.93
2016 106   37.76   25.81   31.50   33.86   24.58   42.56   13.24    1.77     -      2.80
2016 107   37.19   24.77   32.65   34.15   25.44   42.25   12.38    1.04     -      3.22
2016 108   37.91   18.43   33.26   33.62   25.65   41.62   15.89    4.22     -      2.21
2016 109   37.30   25.99   31.90   33.27   25.86   40.79   17.87    5.64     -      2.66
2016 110   37.51   24.62   32.62   33.94   26.81   42.46   18.42    6.63     -      4.05
2016 111   38.81   26.21   32.51   34.84   28.23   43.01   17.12    6.29     -      3.95
2016 112   38.05   26.57   31.28   34.57   26.37   43.19   13.57    2.69     -      5.73
2016 113   38.99   26.46   31.14   34.19   25.34   43.08   12.19    0.84     -      3.87
2016 114   36.94   26.39   32.22   34.66   27.44   42.71   15.30    4.50     -      4.13
2016 115   37.58   27.50   28.33   32.26   24.08   41.06   10.14   -3.21     -      5.70
2016 116   38.02   27.40   27.76   31.86   22.58   41.78    7.58   -7.39     -      4.55
2016 117   38.63   26.60   29.81   33.31   25.03   42.00    6.75   -7.79     -      3.23
2016 118   38.20   25.88   31.43   33.80   26.28   42.40    8.87   -3.89     -      3.23
2016 119   39.13   27.18   30.46   34.07   25.40   43.28    9.71   -2.45     -      3.49
2016 120   37.51   27.58   28.73   33.99   25.98   43.67    8.27   -4.69     -      4.27
2016 121   37.66   27.36   29.84   33.83   23.80   43.53    7.98   -5.27     -      4.10
2016 122   38.05   26.68   30.56   33.88   23.80   42.76    9.37   -3.08     -      2.57
2016 123   38.77   23.08   33.08   32.89   26.61   40.42   18.65    5.95     -      4.07
2016 124   39.89   24.77   34.09   32.10   24.93   38.96   30.03   12.29     -      2.65
2016 125   39.35   15.52   34.88   33.40   26.52   39.92   25.88   11.17     -      2.66
2016 126   39.56   21.46   33.62   32.76   25.32   39.44   21.64    8.00     -      2.23
2016 127   38.88   22.86   33.37   32.33   25.42   38.74   19.90    6.43     -      2.10
2016 128   39.38   20.45   33.62   33.28   27.30   39.43   19.27    6.74     -      1.77
2016 129   39.24   18.90   34.49   33.66   27.24   39.90   20.53    7.98     -      2.62
2016 130   38.66   24.88   34.38   33.54   26.85   39.94   22.64    9.31     -      2.66
2016 131   38.95   19.62   35.14   34.81   26.73   42.18   22.14   10.04     -      2.33
2016 132   39.89   22.90   35.42   34.82   29.07   41.12   23.75   11.09     -      2.38
2016 133   40.18   22.43   36.32   34.64   28.35   40.27   25.66   12.10     -      1.94
2016 134   39.64   21.10   37.15   33.89   28.56   39.58   29.14   13.39     -      2.61
2016 135   38.99   23.80   36.11   34.67   27.77   41.81   24.29   11.30     -      2.42
2016 136   40.57   24.91   34.85   34.33   26.72   41.73   22.57    9.92     -      2.68
2016 137   39.71   26.57   33.62   35.35   27.12   43.12   19.08    8.29     -      2.73
2016 138   40.10   26.21   33.66   36.36   27.28   43.83   15.15    5.71     -      2.90
2016 139   38.99   27.40   33.34   35.97   28.32   43.50   15.54    5.77     -      3.40
2016 140   40.21   24.44   35.60   34.58   28.06   41.09   31.87   15.37     -      4.89
2016 141   40.10   18.76   38.02   33.67   29.28   38.40   38.14   17.43     -      3.10
2016 142   40.21    7.56   37.04   33.49   28.31   38.53   35.59   16.15     -      1.92
2016 143   40.82   23.83   35.96   35.03   28.38   41.88   27.82   13.65     -      2.17
2016 144   39.85   20.84   36.18   35.51   28.40   42.24   25.10   12.51     -      2.31
2016 145   40.18   17.17   36.32   34.96   29.13   41.46   24.72   11.81     -      2.86
2016 146   40.82   20.02   34.31   34.71   28.83   40.80   23.83   11.05     -      3.45
2016 147   41.33   26.64   34.34   34.05   28.89   39.95   22.65    9.75     -      2.24
2016 148   40.93   22.10   36.00   34.57   27.83   41.65   18.91    7.53     -      2.62
2016 149   40.07   11.56   36.14   34.16   27.08   40.81   20.79    8.58     -      2.57
2016 150   40.32   11.95   35.64   34.01   26.76   41.40   24.13   10.65     -      2.98
2016 151   40.32   23.00   35.82   33.43   27.85   40.38   25.23   10.82     -      3.11
2016 152   41.40   26.68   35.14   34.21   27.85   40.42   25.27   11.51     -      2.63
2016 153   41.22   24.34   36.11   34.36   27.85   40.79   23.34   10.45     -      1.90
2016 154   40.54   24.62   36.79   34.72   27.99   41.38   23.12   10.61     -      2.42
2016 155   39.82   24.95   36.50   35.51   28.68   41.91   26.70   13.44     -      2.37
2016 156   40.54   15.70   37.04   35.94   29.67   42.06   30.00   15.60     -      2.45
2016 157   40.93   10.37   37.76   36.06   30.28   41.73   31.00   16.22     -      2.57
2016 158   40.39   22.00   37.51   35.97   31.07   40.75   31.67   16.48     -      2.41
2016 159   40.90   22.75   36.94   36.46   30.99   41.97   30.76   16.45     -      1.82
2016 160   41.36   24.66   36.22   36.12   30.51   42.25   25.27   13.12     -      1.76
2016 161   41.26   18.68   37.55   35.60   29.52   41.58   26.42   13.36     -      2.24
2016 162   40.54   19.48   37.48   36.03   28.81   42.17   23.09   11.68     -      2.57
2016 163   41.04   21.85   37.15   37.58   30.19   44.21   19.20   10.21     -      2.34
2016 164   41.40   22.18   38.16   37.86   31.25   43.89   20.45   11.39     -      2.28
2016 165   40.36   23.04   37.40   36.81   31.42   42.27   22.85   12.19     -      2.38
2016 166   41.00   22.54   38.81   36.62   31.26   42.64   28.13   15.19     -      3.07
2016 167   40.14   20.81   38.92   36.89   31.49   42.24   27.72   15.19     -      2.54
2016 168   41.15   12.60   40.18   35.65   31.19   40.58   34.88   17.74     -      2.83
2016 169   41.51   21.06   38.92   35.18   31.01   40.06   38.61   18.97     -      2.93
2016 170   40.46   18.43   39.31   32.85   29.42   37.06   52.94   22.12     -      3.64
2016 171   40.21   18.58   38.84   32.42   28.41   37.17   53.89   22.02     -      3.30
2016 172   40.64   15.59   39.17   33.94   29.22   38.71   47.07   21.14     -      2.52
2016 173   40.75    4.00   38.84   33.58   29.89   37.43   50.87   22.12     -      1.47
2016 174   40.97    6.80   39.49   32.27   29.23   36.19   54.73   22.14     -      3.34
2016 175   40.43   18.07   38.92   33.05   27.73   38.26   49.78   21.27     -      2.62
2016 176   40.57   16.85   38.70   33.12   29.06   37.63   51.67   21.96     -      2.46
2016 177   41.15   19.76   38.92   32.81   28.99   37.12   55.98   23.02     -      2.37
2016 178   40.82   21.60   39.49   34.45   29.00   39.84   48.11   21.98     -      2.01
2016 179   40.25   21.92   38.66   33.85   29.84   37.44   46.34   20.80     -      2.11
2016 180   40.00   21.56   38.95   35.09   30.10   40.74   44.50   21.25     -      3.58
2016 181   41.26   22.43   39.31   35.92   30.55   41.49   40.49   20.42     -      2.09
2016 182   40.90   15.26   40.25   34.93   29.51   40.62   45.03   21.31     -      1.46
2016 183   40.72    4.75   40.43   32.01   27.49   35.89   58.05   22.88     -      2.88
2016 184   40.43    6.70   38.99   32.10   26.90   37.03   55.76   22.29     -      3.24
2016 185   40.75   20.30   39.38   32.50   28.64   36.69   56.93   23.02     -      2.94
2016 186   40.61   13.75   38.95   30.80   28.05   33.49   66.47   23.99     -      3.24
2016 187   40.64   10.12   38.84   29.30   26.83   32.89   77.66   25.08     -      5.39
2016 188   40.46   14.36   39.13   31.08   26.68   35.92   61.93   23.09     -      4.70
2016 189   40.18   20.09   38.81   32.85   28.01   37.95   56.15   23.11     -      4.03
2016 190   40.57   19.04   39.20   33.08   28.16   38.56   55.64   23.17     -      3.88
2016 191   40.79   19.84   39.31   33.56   28.65   39.40   52.69   22.70     -      3.62
2016 192   40.00   16.81   39.92   32.17   28.55   35.95   59.15   23.35     -      3.34
2016 193   40.18   13.86   38.59   30.11   26.62   34.20   67.85   23.67     -      2.92
2016 194   40.25   19.01   38.95   32.92   27.81   38.68   55.32   22.93     -      4.12
2016 195   40.75   18.86   38.81   32.94   28.15   38.13   56.56   23.32     -      3.43
2016 196   40.61   17.39   39.17   31.63   28.01   35.45   61.72   23.55     -      2.20
2016 197   40.18   10.98   39.92   31.44   27.53   36.15   64.89   24.20     -      3.37
2016 198   40.57   13.21   39.49   30.82   27.67   35.34   70.32   24.93     -      3.57
2016 199   40.00    6.91   38.81   29.15   27.12   31.58   78.09   25.03     -      2.47
2016 200   40.25    8.35   38.48   29.40   26.00   33.82   74.00   24.40     -      2.52
2016 201   39.67   16.16   38.88   29.55   26.19   33.47   76.20   25.02     -      2.06
2016 202   39.71    6.66   39.17   30.03   26.85   33.18   75.43   25.32     -      1.99
2016 203   39.78   11.99   38.99   30.76   26.93   34.53   67.76   24.27     -      2.07
2016 204   39.78    6.77   38.23   28.67   26.63   31.25   74.96   23.90     -      1.88
2016 205   40.25   19.80   38.09   29.15   26.06   32.61   71.54   23.61     -      1.87
2016 206   40.18   19.66   38.30   28.67   25.59   32.62   75.14   23.94     -      2.31
2016 207   39.78    4.25   37.80   27.24   25.52   28.83   85.73   24.66     -      2.91
2016 208   39.28   13.39   38.12   27.44   25.18   30.67   84.51   24.63     -      3.36
2016 209   39.89   16.31   38.12   27.77   24.65   31.26   79.18   23.90     -      4.13
2016 210   39.42    7.78   37.51   26.12   24.86   27.59   92.15   24.73     -      2.53
2016 211   39.10   12.74   37.73   27.41   24.19   30.81   83.75   24.45     -      1.37
2016 212   39.13   10.87   37.48   27.51   24.67   30.40   84.53   24.70     -      1.92
2016 213   39.13   15.12   37.73   28.85   25.47   32.56   75.01   24.08     -      1.50
2016 214   39.35   14.26   38.12   28.40   25.47   31.33   80.76   24.84     -      1.42
2016 215   39.10   21.28   37.37   27.84   25.85   30.29   85.00   25.12     -      2.61
2016 216   39.31   21.56   37.58   29.17   25.60   32.46   78.86   25.20     -      2.72
2016 217   39.28   22.14   37.66   29.88   26.18   33.56   78.24   25.77     -      2.65
2016 218   38.20   20.12   38.02   30.12   26.85   34.36   77.14   25.77     -      2.86
2016 219   38.84   18.86   37.62   28.35   26.26   31.59   83.73   25.37     -      2.99
2016 220   38.92   18.97   37.73   28.77   25.88   32.60   79.40   24.92     -      4.24
2016 221   38.02   18.54   37.73   29.08   25.40   32.45   79.40   25.23     -      2.87
2016 222   38.81   15.70   37.87   28.65   25.70   32.08   80.73   25.08     -      1.53
2016 223   37.94   11.99   38.05   29.24   26.24   32.33   77.22   24.93     -      1.37
2016 224   37.73   17.06   37.98   29.19   25.49   32.75   77.53   24.95     -      1.77
2016 225   37.94   14.15   38.27   29.79   25.82   33.71   75.99   25.21     -      2.13
2016 226   37.58   18.00   37.62   28.71   25.65   31.61   79.76   24.94     -      2.24
2016 227   37.80   18.90   37.98   29.62   26.24   33.15   77.66   25.39     -      1.98
2016 228   38.34   20.45   37.73   29.55   26.23   32.72   77.84   25.36     -      1.63
2016 229   37.66   17.50   38.02   29.65   27.04   32.60   79.29   25.76     -      1.35
2016 230   37.69   15.41   38.27   29.66   26.77   33.17   77.63   25.43     -      2.51
2016 231   37.98   14.76   37.98   29.11   25.74   33.07   76.15   24.58     -      3.85
2016 232   37.22   19.19   37.55   28.93   25.94   32.73   76.86   24.56     -      4.55
2016 233   36.94   16.70   37.76   29.55   25.09   33.46   75.01   24.76     -      1.74
2016 234   37.33   21.49   37.73   29.38   25.61   33.64   75.93   24.80     -      3.50
2016 235   37.15   10.26   38.23   28.14   25.52   31.58   80.89   24.61     -      3.62
2016 236   37.08   20.12   36.47   28.22   24.74   32.62   75.91   23.67     -      4.07
2016 237   36.47   21.02   36.86   29.46   24.85   33.47   71.09   23.80     -      1.68
2016 238   36.22   22.57   37.12   31.36   26.58   35.40   65.43   24.26     -      0.92
2016 239   36.68    8.39   37.15   29.38   27.00   31.83   76.14   24.84     -      1.87
2016 240   36.76   21.85   36.72   29.88   26.06   34.35   71.83   24.38     -      1.59
2016 241   37.15   21.38   36.07   30.81   26.78   35.15   66.45   23.99     -      1.30
2016 242   35.86   17.60   37.04   30.69   26.45   34.92   65.32   23.60     -      1.83
2016 243   36.18   11.02   37.80   30.88   26.86   35.02   66.11   23.98     -      1.57
2016 244   36.32   19.15   37.84   30.72   26.94   34.97   67.57   24.18     -      1.99
2016 245   36.72   19.19   37.73   30.28   27.01   34.65   67.89   23.84     -      2.42
2016 246   35.53   17.78   38.30   30.03   26.02   34.60   71.17   24.37     -      2.78
2016 247   35.86    4.75   38.23   28.96   26.20   32.12   76.39   24.49     -      2.40
2016 248   35.57   12.20   37.12   29.69   25.40   34.12   66.02   22.82     -      1.53
2016 249   35.17   19.26   37.30   30.49   25.77   35.15   63.14   22.85     -      1.25
2016 250   35.03   14.47   37.91   30.35   26.13   34.76   63.95   22.92     -      1.12
2016 251   34.78   18.40   37.76   29.67   26.58   33.69   69.84   23.72     -      1.46
2016 252   35.75   18.11   37.58   29.47   25.78   33.64   70.46   23.67     -      0.97
2016 253   35.06   17.96   37.80   30.09   26.03   34.47   68.71   23.85     -      1.74
2016 254   34.63    7.09   38.05   29.99   26.36   34.25   68.09   23.61     -      1.84
2016 255   34.96   13.82   37.58   28.13   25.08   31.99   76.60   23.72     -      2.77
2016 256   34.42    6.98   37.15   28.12   24.65   31.79   74.69   23.31     -      2.27
2016 257   34.24   15.48   37.73   28.03   25.01   31.90   76.65   23.64     -      2.42
2016 258   34.92   20.38   36.72   28.24   24.53   32.28   75.50   23.60     -      2.44
2016 259   34.34   19.15   36.68   29.31   24.92   33.34   69.50   23.29     -      1.48
2016 260   33.52   20.23   36.65   30.23   26.26   34.89   63.72   22.75     -      1.43
2016 261   34.27   15.48   37.22   29.40   26.24   33.31   69.10   23.28     -      1.47
2016 262   33.55   19.58   36.36   28.71   25.38   32.75   73.28   23.57     -      2.09
2016 263   33.95   19.15   36.68   28.81   24.99   33.08   73.26   23.66     -      1.96
2016 264   32.98   18.90   37.04   28.91   25.83   33.01   75.79   24.31     -      2.21
2016 265   33.16   16.70   36.58   28.49   25.25   33.49   74.48   23.62     -      3.86
2016 266   32.83   18.18   36.14   27.83   24.65   31.48   73.21   22.71     -      1.60
2016 267   33.52   18.97   36.14   28.34   24.74   32.71   69.13   22.27     -      1.50
2016 268   32.69    6.66   36.18   26.39   24.48   28.72   77.36   22.19     -      2.19
2016 269   32.36    7.60   35.96   24.88   23.45   26.89   87.53   22.67     -      2.70
2016 270   32.40   12.82   36.00   25.71   23.42   29.18   85.09   23.04     -      2.80
2016 271   31.79   18.86   35.39   27.28   23.08   31.93   78.41   23.27     -      1.88
2016 272   32.11    6.44   36.68   26.75   23.96   30.47   82.36   23.54     -      2.10
2016 273   31.57    8.10   37.30   27.65   24.08   32.18   76.37   23.21     -      1.65
2016 274   31.39   18.50   35.93   27.84   24.42   32.06   79.17   23.97     -      2.16
2016 275   31.75   16.70   36.47   28.10   24.67   31.76   78.31   24.05     -      1.87
2016 276   31.25   19.33   35.93   28.86   25.27   32.81   73.81   23.83     -      1.31
2016 277   31.90   19.73   35.71   28.99   25.24   33.65   71.35   23.41     -      1.63
2016 278   30.78   18.76   35.93   28.39   24.72   32.31   73.43   23.30     -      1.73
2016 279   31.14   13.36   36.25   28.56   24.95   32.46   74.48   23.69     -      1.53
2016 280   30.67   12.82   36.22   28.60   25.36   32.82   71.19   23.00     -      1.46
2016 281   30.28   18.25   35.50   28.35   24.44   33.15   69.27   22.32     -      1.58
2016 282   30.24   11.99   35.64   27.63   24.07   32.22   76.03   23.12     -      1.91
2016 283   29.66   13.21   35.93   27.26   24.30   31.16   76.50   22.86     -      1.76
2016 284   30.17   16.81   34.45   26.90   22.81   31.59   73.21   21.81     -      1.18
2016 285   29.23   18.94   32.11   27.35   22.58   33.19   61.51   19.44     -      1.85
2016 286   29.66   18.50   30.96   26.51   21.22   33.29   53.96   16.53     -      1.65
2016 287   29.92   18.58   30.28   25.92   20.50   32.61   50.99   15.07     -      1.39
2016 288   29.48   16.02   31.25   25.45   19.44   32.09   49.19   14.06     -      1.72
2016 289   28.40   17.35   30.89   25.08   18.71   31.58   51.67   14.50     -      1.82
2016 290   29.30   18.50   29.92   25.42   19.60   32.35   51.04   14.62     -      1.62
2016 291   28.84   19.37   29.48   25.54   19.65   33.21   50.47   14.55     -      1.96
2016 292   28.94   19.19   29.48   25.52   18.85   32.89   45.87   13.02     -      1.56
2016 293   28.62   18.76   29.63   25.04   19.40   32.15   47.17   13.02     -      1.69
2016 294   28.80   19.01   29.48   24.82   18.64   32.30   49.06   13.44     -      1.89
2016 295   28.44   19.26   28.44   25.19   19.09   32.43   44.65   12.29     -      1.72
2016 296   27.36   18.43   29.38   24.89   17.63   32.22   44.27   11.89     -      1.91
2016 297   27.54   18.04   28.30   24.71   18.00   32.09   41.65   10.77     -      1.87
2016 298   27.47   18.25   28.01   24.22   16.98   31.88   41.39   10.23     -      1.88
2016 299   26.64   18.79   27.47   24.51   18.17   32.69   40.55   10.18     -      1.81
2016 300   26.71   18.47   27.43   25.19   19.02   32.67   40.74   10.86     -      1.59
2016 301   27.22   18.47   27.65   25.18   20.29   32.55   40.69   10.84     -      1.72
2016 302   26.75   18.04   27.79   24.28   18.95   31.60   40.18    9.83     -      1.96
2016 303   26.17   18.04   27.40   24.11   18.32   31.89   39.81    9.54     -      1.82
2016 304   26.35   18.07   26.42   23.77   18.10   31.39   37.06    8.15     -      1.83
2016 305   25.60   17.89   26.35   23.27   17.69   31.81   37.34    7.82     -      2.01
2016 306   25.16   18.18   27.07   24.36   17.69   32.58   37.03    8.66     -      1.43
2016 307   25.16   18.00   27.68   25.16   19.40   32.93   39.99   10.55     -      1.57
2016 308   25.27   18.04   27.00   25.12   19.76   33.13   38.20    9.81     -      1.64
2016 309   25.16   18.11   26.17   24.41   18.72   32.29   36.41    8.46     -      2.57
2016 310   25.45   17.71   26.71   23.92   18.28   31.84   37.86    8.61     -      2.79
2016 311   25.78   17.75   25.88   23.41   17.81   31.01   36.14    7.46     -      1.50
2016 312   25.06   17.57   25.88   22.70   17.17   30.91   37.14    7.23     -      1.95
2016 313   25.06   17.50   25.74   22.42   15.24   30.78   32.79    5.16     -      2.04
2016 314   24.01   17.21   26.06   22.22   14.48   31.22   33.42    5.26     -      2.12
2016 315   24.98   17.06   26.46   22.26   15.75   30.56   36.67    6.65     -      1.91
2016 316   23.90   16.63   27.11   22.65   16.39   31.06   39.84    8.24     -      1.86
2016 317   23.44   16.85   26.50   22.69   17.80   30.67   39.26    8.05     -      1.99
2016 318   24.01   16.78   25.60   22.24   17.00   30.56   37.55    6.98     -      2.37
2016 319   23.54   16.88   25.16   21.51   15.30   29.98   34.44    5.07     -      2.46
2016 320   23.69   16.78   24.26   21.68   16.31   29.70   30.41    3.43     -      2.05
2016 321   23.33   16.78   23.90   20.88   14.48   30.02   28.88    2.02     -      2.83
2016 322   23.62   16.45   24.70   21.46   15.51   29.70   29.58    2.86     -      1.60
2016 323   23.33   16.06   25.42   21.06   14.42   29.10   32.12    3.67     -      1.60
2016 324   23.83   15.98   25.85   20.95   14.28   28.80   34.33    4.53     -      1.51
2016 325   22.86   15.62   26.60   21.35   14.86   29.51   38.35    6.50     -      1.84
2016 326   23.18   15.80   26.06   21.17   15.64   29.38   37.02    5.82     -      2.11
2016 327   23.11   15.59   25.85   20.54   13.95   29.00   34.12    4.07     -      1.76
2016 328   22.82   15.16   26.53   20.77   13.90   29.33   34.75    4.54     -      2.11
2016 329   22.57   15.26   26.42   20.70   14.60   28.68   40.72    6.81     -      1.95
2016 330   22.32   15.08   26.24   20.17   13.02   28.67   37.20    5.00     -      1.96
2016 331   22.03   14.98   26.96   20.29   13.81   28.93   43.39    7.39     -      2.93
2016 332   22.25   14.62   27.14   20.35   14.07   28.03   49.77    9.54     -      1.93
2016 333   21.82   14.54   27.61   20.86   14.17   28.14   53.40   11.10     -      2.02
2016 334   21.89   14.51   28.08   21.67   15.59   28.49   54.15   12.07     -      2.04
2016 335   22.50   14.40   28.44   21.85   16.11   28.08   53.88   12.16     -      1.57
2016 336   21.89   14.54   28.44   22.26   17.40   28.90   52.88   12.25     -      1.56
2016 337   22.00   14.29   27.90   21.77   17.38   28.88   50.26   11.00     -      2.19
2016 338   22.10   14.83   25.92   20.60   15.21   29.00   37.85    5.64     -      2.42
2016 339   21.92   10.26   29.45   19.32   14.02   27.91   29.88    1.14     -      2.30
2016 340   21.60   12.96   28.08   19.77   14.32   28.04   29.24    1.23     -      1.52
2016 341   21.46   14.44   26.24   19.92   13.52   28.42   29.34    1.41     -      1.75
2016 342   21.46   13.54   27.40   19.96   14.01   29.15   29.65    1.58     -      1.84
2016 343   21.46   11.74   27.50   19.10   13.85   27.84   28.53    0.31     -      1.67
2016 344   21.49    9.58   28.40   18.25   12.76   27.05   31.62    0.99     -      2.05
2016 345   21.17   14.11   26.10   17.67   11.66   26.88   38.04    3.09     -      2.06
2016 346   21.60   11.66   27.58   18.94   12.77   27.30   37.20    3.90     -      1.77
2016 347   21.35   12.85   26.86   18.64   12.41   26.82   36.72    3.45     -      1.80
2016 348   21.35   13.68   25.63   18.13   12.73   26.99   31.96    1.03     -      1.76
2016 349   21.71   14.15   24.88   17.83   12.40   27.01   30.55    0.15     -      2.11
2016 350   21.31   12.46   26.42   17.15   10.09   25.69   31.91    0.15     -      1.75
2016 351   21.49   14.11   26.03   18.10   10.68   26.47   34.87    2.23     -      1.90
2016 352   21.28   13.90   26.68   19.39   13.60   28.28   37.71    4.50     -      1.96
2016 353   21.82   14.80   24.44   18.67   13.27   27.40   34.48    2.57     -      1.95
2016 354   21.53   14.69   24.16   17.69   11.97   26.20   31.05    0.25     -      2.53
2016 355   20.95   14.87   23.54   16.55    9.70   24.93   28.55   -1.89     -      1.64
2016 356   21.20   14.72   24.48   17.97   11.01   26.12   27.05   -1.38     -      1.68
2016 357   20.88   14.36   25.34   18.45   11.48   26.78   35.99    2.99     -      2.54
2016 358   20.88   14.22   26.64   19.40   14.26   27.35   44.02    6.80     -      2.31
2016 359   20.95   14.18   26.78   19.95   14.29   27.97   45.98    7.96     -      1.72
2016 360   21.56   14.22   26.86   20.61   14.81   27.42   44.74    8.15     -      1.78
2016 361   21.10   13.50   26.42   19.31   14.97   25.56   46.35    7.49     -      1.33
2016 362   21.31   10.58   28.30   18.47   12.14   27.00   38.89    4.12     -      1.96
2016 363   21.53   10.19   28.44   18.35   12.14   25.94   30.48    0.57     -      1.52
2016 364   21.28   14.18   25.42   17.78   11.13   25.90   32.70    1.04     -      1.92
2016 365   21.31   14.11   26.39   18.85   13.22   26.69   38.55    4.34     -      1.88
2016 366   21.60   11.88   28.04   19.92   13.78   27.19   42.62    6.79     -      1.72
2017   1   21.49   13.03   27.47   19.50   14.41   26.12   48.09    8.23     -      1.95
2017   2   21.82   13.90   26.57   19.39   14.85   26.06   45.55    7.30     -      1.95
2017   3   21.60   14.58   26.03   19.35   13.99   27.72   39.96    5.31     -      1.99
2017   4   21.46   13.75   26.82   18.25   13.19   26.74   33.24    1.68     -      2.46
2017   5   21.46   11.02   28.19   17.88   12.14   25.93   32.23    0.93     -      2.01
2017   6   22.10   14.33   26.46   18.01   11.49   25.38   35.51    2.41     -      1.85
2017   7   21.71   14.54   25.42   18.61   12.88   26.33   33.10    1.94     -      1.77
2017   8   22.00   14.94   26.68   18.97   12.88   26.99   31.49    1.56     -      2.11
2017   9   21.74   14.44   25.88   18.92   14.14   26.36   34.92    2.97     -      2.30
2017  10   22.07   14.83   25.85   17.96   12.53   25.24   39.58    3.92     -      2.39
2017  11   22.14   14.87   23.40   15.42   10.17   23.35   27.61   -3.31     -      3.15
2017  12   22.14   15.55   20.99   13.64    8.43   22.10   21.84   -7.85     -      2.09
2017  13   21.89   16.13   20.70   12.78    7.08   21.55   22.86   -8.00     -      2.26
2017  14   22.57   16.16   21.17   14.03    8.23   22.95   22.07   -7.39     -      2.13
2017  15   23.22   15.88   23.00   15.46    9.20   24.95   21.23   -6.69     -      2.18
2017  16   22.54   15.88   23.47   17.20   10.63   26.69   23.21   -4.07     -      2.45
2017  17   23.18   15.88   24.12   17.97   12.52   26.03   27.94   -0.95     -      1.78
2017  18   23.54   15.55   24.34   17.74   12.03   26.41   26.53   -1.84     -      2.20
2017  19   23.33   16.20   23.83   18.05   12.16   27.56   26.50   -1.59     -      2.70
2017  20   23.65   15.98   23.98   18.15   10.99   28.82   21.58   -4.23     -      2.64
2017  21   23.00   14.62   24.66   17.33    9.90   27.60   19.87   -5.99     -      1.85
2017  22   23.47   16.78   23.80   18.13   10.87   28.12   22.29   -3.81     -      2.07
2017  23   24.16   16.67   24.26   18.84   11.02   28.44   31.85    1.61     -      2.03
2017  24   24.12   16.63   24.77   19.69   11.77   28.77   27.63    0.38     -      1.55
2017  25   24.16   16.60   25.34   20.64   12.91   29.97   27.24    1.01     -      1.66
2017  26   24.41   16.85   25.96   20.92   13.85   30.18   31.38    3.22     -      2.16
2017  27   23.90   10.15   29.77   20.01   14.64   28.31   43.31    7.11     -      2.41
2017  28   23.69   16.85   25.88   17.81   12.15   25.90   53.33    8.23     -      3.26
2017  29   24.84   15.01   27.18   17.99   10.19   26.42   41.64    4.69     -      1.88
2017  30   24.95   13.82   28.55   19.22   12.19   27.53   36.38    3.83     -      2.03
2017  31   24.66   13.00   29.05   19.12   13.10   27.10   37.69    4.25     -      2.27
2017  32   25.24   13.00   29.23   19.49   13.47   27.53   34.93    3.48     -      1.85
2017  33   25.02   13.79   28.48   18.72   12.68   26.88   33.16    2.06     -      2.34
2017  34   24.66   16.99   26.57   19.31   13.33   27.43   34.30    3.06     -      1.86
2017  35   25.34   15.44   26.50   20.15   13.32   28.99   32.15    2.89     -      1.68
2017  36   25.06   16.70   26.93   21.81   16.07   30.85   27.42    2.10     -      2.01
2017  37   25.67   17.50   27.11   21.97   15.98   31.00   28.80    2.92     -      2.68
2017  38   26.39   18.36   25.16   20.65   14.19   30.26   29.54    2.14     -      3.22
2017  39   26.71   18.25   25.24   20.22   12.20   30.20   20.68   -3.06     -      2.30
2017  40   25.99   17.60   26.28   21.19   15.34   30.22   20.69   -2.25     -      2.43
2017  41   25.60   19.01   23.22   19.68   14.11   28.44   19.70   -4.15     -      2.80
2017  42   26.06   19.37   23.29   20.17   13.46   29.17   15.87   -6.60     -      1.77
2017  43   26.28   19.30   23.62   19.92   13.50   29.22   19.57   -4.04     -      2.18
2017  44   27.68   19.48   23.98   20.73   13.97   29.58   25.22    0.03     -      1.87
2017  45   27.90   19.37   24.95   21.55   14.77   30.01   21.61   -1.36     -      2.44
2017  46   27.11   17.03   25.96   21.22   14.64   30.02   17.23   -4.66     -      2.22
2017  47   28.12   19.04   25.88   21.34   14.23   30.02   17.18   -4.61     -      1.86
2017  48   27.43   19.19   26.32   21.99   13.56   30.69   19.62   -2.29     -      2.12
2017  49   27.72   19.26   27.29   23.09   15.78   31.17   24.85    1.84     -      2.12
2017  50   27.65   19.04   28.37   23.62   17.30   31.00   31.90    5.81     -      2.05
2017  51   28.62   18.97   28.84   23.76   15.93   31.76   32.88    6.37     -      2.49
2017  52   27.79   19.22   28.80   25.06   17.30   33.38   28.34    5.36     -      2.53
2017  53   28.26   19.40   27.36   23.86   17.32   32.31   24.86    2.50     -      3.07
2017  54   29.70   20.92   24.44   21.92   14.65   31.65   17.88   -3.60     -      3.64
2017  55   28.30   21.28   24.16   20.70   12.98   30.53   17.37   -4.98     -      2.62
2017  56   29.70   20.12   25.63   21.03   13.38   29.76   16.60   -5.31     -      2.13
2017  57   28.84   20.88   25.16   21.68   13.77   31.15   17.15   -4.35     -      2.80
2017  58   29.66   20.95   25.99   22.09   14.43   30.72   18.90   -2.71     -      2.16
2017  59   29.66   21.06   25.88   23.19   14.38   31.81   19.15   -1.63     -      2.11
2017  60   30.89   20.81   26.75   24.05   14.68   33.42   19.54   -0.65     -      2.32
2017  61   30.56   20.23   28.22   25.42   17.39   34.97   21.54    1.82     -      3.06
2017  62   30.92   21.10   27.36   25.64   19.60   34.15   21.21    1.80     -      3.38
2017  63   30.89   20.99   27.22   25.66   19.35   34.15   17.34   -0.96     -      3.38
2017  64   31.68   21.96   25.27   23.58   16.94   32.49   15.71   -3.99     -      3.38
2017  65   30.82   22.43   24.26   22.80   14.79   33.06   13.53   -6.62     -      3.13
2017  66   30.64   22.25   25.09   23.73   16.18   32.09   11.50   -8.06     -      1.99
2017  67   30.64   22.10   26.39   24.15   16.58   32.50   13.20   -5.89     -      2.86
2017  68   31.36   19.26   29.56   22.70   17.86   28.96   25.55    1.89     -      2.99
2017  69   32.00   15.52   29.74   22.31   17.47   28.20   40.03    8.00     -      4.15
2017  70   31.57   17.75   29.92   20.19   15.29   25.20   55.02   10.93     -      2.26
2017  71   32.94   21.10   26.24   18.98   13.65   25.85   38.91    4.59     -      3.80
2017  72   32.44   23.00   24.30   19.74   11.33   27.76   29.31    1.24     -      2.14
2017  73   31.79   22.54   24.98   20.91   12.91   29.01   28.36    1.79     -      2.25
2017  74   32.33   22.21   25.63   21.26   15.26   29.53   29.00    2.40     -      2.25
2017  75   33.12   22.86   26.17   23.09   14.75   31.22   26.14    2.54     -      1.87
2017  76   33.80   21.71   27.32   22.92   14.52   31.19   30.82    4.70     -      2.74
2017  77   33.52   21.64   26.68   23.59   16.48   30.95   28.75    4.30     -      2.06
2017  78   34.06   19.94   29.20   21.08   15.47   27.10   39.13    6.56     -      3.04
2017  79   33.34   15.12   29.20   21.26   14.49   28.95   48.15    9.87     -      2.04
2017  80   34.38   22.93   27.40   23.26   15.40   31.74   35.18    6.92     -      2.55
2017  81   33.73   20.05   29.38   24.28   16.55   32.78   32.78    6.78     -      2.31
2017  82   33.41   21.20   30.17   25.64   18.13   33.35   34.80    8.87     -      2.39
2017  83   34.38   21.71   30.71   26.60   19.08   35.18   33.62    9.20     -      2.47
2017  84   33.66   23.62   30.49   27.99   20.18   36.91   29.30    8.38     -      2.30
2017  85   33.95   23.44   30.71   27.74   20.03   35.05   33.40   10.10     -      2.59
2017  86   34.42   18.65   33.23   28.15   20.47   36.30   32.53   10.07     -      2.53
2017  87   34.49   14.44   35.24   29.08   22.44   36.18   36.62   12.70     -      2.55
2017  88   35.24   11.34   36.47   30.44   23.47   37.80   33.24   12.40     -      2.32
2017  89   35.06   15.95   35.50   31.49   23.22   40.83   25.28    9.20     -      2.86
2017  90   34.67   21.46   33.01   30.18   22.20   38.86   25.34    8.13     -      2.86
2017  91   35.50   20.12   32.80   30.52   22.20   38.66   25.13    8.30     -      2.14
2017  92   34.99   23.80   31.03   31.02   23.19   39.32   21.43    6.42     -      2.33
2017  93   36.25   24.84   30.06   31.33   23.94   40.25   16.81    3.19     -      2.54
2017  94   34.99   24.98   30.24   30.10   21.72   39.33   19.15    4.05     -      2.96
2017  95   35.32   23.94   31.93   29.38   21.38   37.54   26.25    7.96     -      2.97
2017  96   35.71   24.55   31.10   30.23   22.56   38.00   26.95    9.07     -      3.08
2017  97   35.35   24.08   33.41   32.35   24.49   40.28   24.07    9.21     -      2.56
2017  98   36.50   25.34   30.56   32.18   24.93   40.36   20.96    7.05     -      2.78
2017  99   37.12   26.46   26.78   29.97   22.05   39.51   12.13   -2.49     -      4.26
2017 100   37.44   26.93   25.67   27.97   19.57   37.95   10.12   -6.50     -      4.16
2017 101   37.94   26.39   26.71   28.85   19.97   37.65   11.29   -4.35     -      2.27
2017 102   36.90   25.85   28.48   29.27   20.14   38.15   13.43   -1.62     -      3.12
2017 103   35.93   25.60   29.70   29.48   21.50   37.45   19.38    3.70     -      3.50
2017 104   37.69   24.66   31.93   30.66   23.01   37.99   24.92    8.29     -      2.99
2017 105   37.33   16.60   34.63   31.18   24.89   38.06   31.33   12.14     -      3.31
2017 106   38.23   26.21   31.03   30.41   23.40   38.90   28.23    9.91     -      4.09
2017 107   37.66   25.92   31.28   30.83   22.69   38.71   27.42    9.84     -      2.53
2017 108   36.94   25.06   33.41   31.94   24.50   39.36   26.98   10.55     -      2.60
2017 109   37.91    4.82   35.50   32.72   26.22   39.30   27.57   11.54     -      2.57
2017 110   37.62   16.20   36.68   31.86   25.82   38.68   35.97   14.88     -      3.30
2017 111   38.41   22.00   36.29   32.67   25.75   40.01   28.51   12.00     -      2.66
2017 112   37.80   14.87   37.37   32.55   26.25   39.46   33.75   14.49     -      2.99
2017 113   38.02   18.11   36.04   33.12   26.15   39.42   31.11   13.72     -      2.09
2017 114   37.94   24.59   33.80   34.06   27.38   41.34   24.38   10.84     -      3.66
2017 115   39.24   26.93   30.53   33.68   26.72   41.69   16.84    5.11     -      5.36
2017 116   37.19   27.40   29.77   33.18   24.43   42.10   14.22    2.27     -      5.18
2017 117   38.70   27.00   30.35   33.03   24.25   41.58   13.10    0.98     -      3.76
2017 118   37.76   26.96   30.89   33.05   25.28   41.09   15.14    3.07     -      3.82
2017 119   39.13   26.57   32.15   33.69   24.77   41.86   16.43    4.76     -      3.01
2017 120   38.74   19.58   33.12   32.90   26.18   40.11   21.29    7.88     -      3.01
2017 121   39.35   20.81   32.47   31.78   26.18   38.14   22.29    7.61     -      1.82
2017 122   39.89   26.57   30.35   31.82   23.11   38.91   18.76    5.16     -      2.47
2017 123   39.28   19.80   32.51   32.17   24.02   40.15   17.30    4.28     -      2.45
2017 124   38.41   24.19   33.19   33.29   25.45   41.29   18.65    6.27     -      3.24
2017 125   38.81   26.75   31.75   34.54   27.51   41.85   15.89    4.96     -      2.38
2017 126   38.41   25.06   33.59   34.82   26.75   42.29   15.84    5.14     -      2.69
2017 127   40.10   26.32   33.44   33.68   25.57   41.62   21.54    8.70     -      3.36
2017 128   39.10   20.70   35.35   33.60   27.27   39.78   27.55   12.28     -      3.54
2017 129   39.06   21.53   35.93   33.56   27.83   39.80   30.94   14.02     -      2.51
2017 130   39.82   22.57   34.60   33.22   26.89   39.22   28.42   12.43     -      2.09
2017 131   39.78   25.06   35.50   33.91   27.24   40.51   26.15   11.76     -      2.42
2017 132   39.13   23.98   36.11   34.26   28.31   40.57   30.21   14.26     -      2.43
2017 133   40.50   24.84   35.42   35.14   28.31   41.24   29.55   14.68     -      2.32
2017 134   40.39   23.54   37.22   35.81   28.74   42.72   24.23   12.23     -      2.69
2017 135   39.17   20.95   37.15   35.22   28.42   42.07   29.67   14.81     -      3.88
2017 136   39.67   24.70   36.22   35.28   28.68   42.38   29.63   14.84     -      4.22
2017 137   39.92   10.12   36.50   35.04   28.47   41.90   30.46   15.07     -      3.70
2017 138   40.68   24.59   34.92   35.38   27.61   42.44   20.05    9.05     -      2.23
2017 139   40.50   26.82   33.91   35.39   28.46   41.94   21.40   10.02     -      2.28
2017 140   41.26   26.71   34.85   35.92   27.97   43.21   21.46   10.50     -      3.24
2017 141   39.53   26.57   35.10   36.81   29.35   43.29   21.90   11.54     -      2.52
2017 142   41.11   26.82   34.52   36.19   27.85   43.10   20.23    9.85     -      2.54
2017 143   40.57   26.89   34.88   36.42   28.92   43.56   21.41   10.88     -      3.40
2017 144   41.18   25.96   35.57   36.68   29.68   43.20   23.97   12.79     -      2.76
2017 145   41.29   25.16   36.76   36.88   29.89   43.63   24.29   13.16     -      2.84
2017 146   39.56   25.49   37.40   36.60   30.89   42.38   28.24   15.23     -      3.65
2017 147   40.86   13.75   38.30   35.03   30.28   40.49   33.33   16.47     -      3.36
2017 148   40.10   17.50   36.54   34.49   27.85   41.03   29.37   14.02     -      3.12
2017 149   41.04   18.94   36.54   35.45   29.24   41.69   25.89   12.92     -      2.57
2017 150   40.21    9.25   37.15   35.57   30.51   41.12   29.17   14.85     -      2.56
2017 151   39.53   26.10   36.00   34.57   29.06   40.25   32.22   15.53     -      2.20
2017 152   40.75   24.70   36.36   35.93   29.19   42.36   27.17   14.07     -      2.24
2017 153   40.14   24.62   36.07   36.67   29.28   43.16   23.30   12.36     -      2.70
2017 154   41.65   26.39   35.17   37.19   28.90   44.50   18.32    9.19     -      2.67
2017 155   39.82   27.04   35.68   38.33   29.46   46.72   14.60    6.72     -      3.28
2017 156   40.32   23.98   37.76   37.07   30.73   43.07   25.60   14.13     -      3.91
2017 157   40.72    8.89   39.17   35.47   31.82   40.12   32.46   16.44     -      1.97
2017 158   40.79    9.29   38.84   35.51   30.02   41.09   34.99   17.67     -      2.66
2017 159   40.32   20.88   37.76   35.78   30.53   41.71   33.62   17.26     -      1.68
2017 160   40.28   24.66   37.30   36.42   30.01   42.32   31.17   16.62     -      1.70
2017 161   40.93   22.54   37.66   36.47   31.69   41.89   31.35   16.76     -      2.10
2017 162   41.00   21.96   37.19   37.03   31.42   42.78   26.70   14.73     -      1.98
2017 163   40.10   24.73   36.22   37.47   31.57   43.42   21.34   11.70     -      2.20
2017 164   39.96   26.35   34.16   37.31   30.90   43.28   17.42    8.54     -      1.86
2017 165   40.00   24.62   36.40   37.56   30.29   44.17   17.49    8.80     -      2.20
2017 166   40.39   21.85   36.94   36.50   30.50   42.60   24.67   13.08     -      2.55
2017 167   40.68   21.20   36.00   35.87   29.85   42.06   25.37   12.97     -      2.28
2017 168   40.14   21.10   37.76   36.04   30.59   41.58   26.43   13.74     -      2.03
2017 169   40.86   24.23   37.58   37.14   30.64   43.26   25.24   13.97     -      2.11
2017 170   40.90   14.22   38.12   37.23   30.78   42.70   25.49   14.19     -      2.62
2017 171   40.82   12.24   39.92   37.33   33.04   42.11   32.31   17.98     -      2.12
2017 172   40.64   16.02   38.20   36.41   31.59   41.64   30.07   16.05     -      1.98
2017 173   40.10   22.97   37.55   37.03   30.71   42.76   28.67   15.84     -      2.34
2017 174   40.14   23.29   37.98   36.33   31.54   41.45   33.25   17.57     -      2.43
2017 175   40.21   23.47   38.63   37.19   31.62   42.96   30.85   17.13     -      2.41
2017 176   41.04   15.30   39.20   36.40   31.31   41.41   37.17   19.44     -      4.35
2017 177   41.47   21.38   40.18   35.32   30.85   40.24   40.56   19.91     -      4.41
2017 178   41.26   20.16   39.35   35.19   30.28   41.15   42.87   20.72     -      4.48
2017 179   40.36   18.79   39.10   33.54   29.99   36.62   49.24   21.54     -      4.38
2017 180   40.39   19.80   39.42   35.53   30.17   41.10   41.32   20.41     -      3.17
2017 181     -       -       -     34.35   27.50   40.89   49.48   22.36     -      3.99
2017 182   40.21   16.45   39.20   30.40   27.45   34.42   72.50   25.03     -      3.48
2017 183   41.00   15.77   39.10   29.28   27.42   32.35   78.95   25.33     -      2.87
2017 184   40.18   17.78   39.49   30.98   27.45   34.97   69.19   24.82     -      1.98
2017 185   40.61    7.99   39.28   30.69   27.31   35.13   72.41   25.29     -      2.88
2017 186   40.39    7.96   39.06   30.28   26.90   35.22   71.18   24.61     -      5.64
2017 187   40.32    9.61   38.84   29.51   25.72   34.51   73.29   24.35     -      4.74
2017 188   41.00   20.95   38.95   31.03   26.79   36.44   67.52   24.47     -      3.82
2017 189   40.50   18.94   39.24   30.61   27.19   34.53   73.98   25.56     -      4.31
2017 190   40.86   13.21   38.92   28.01   26.95   29.60   89.62   26.15     -      3.77
2017 191   40.50    7.20   38.34   27.51   25.32   30.27   87.51   25.26     -      5.92
2017 192   40.14    6.80   38.16   25.56   24.27   26.83   91.12   24.00     -      3.80
2017 193   39.74   16.56   37.51   27.29   24.78   30.83   84.63   24.50     -      4.59
2017 194   40.72   22.72   37.26   27.62   24.73   31.06   84.10   24.73     -      3.11
2017 195   40.21   20.27   37.98   28.33   25.49   31.99   85.41   25.67     -      2.87
2017 196   39.89   19.84   38.09   29.17   25.69   32.63   82.03   25.84     -      2.46
2017 197   40.93   21.71   38.12   29.46   26.43   32.74   82.28   26.18     -      1.93
2017 198   40.72   24.84   37.87   30.39   26.29   33.99   76.32   25.86     -      1.97
2017 199   39.46   24.55   38.45   30.93   27.48   34.60   78.79   26.91     -      2.18
2017 200   39.92   19.76   38.20   29.31   26.28   33.21   84.54   26.47     -      3.08
2017 201   40.61   21.82   37.62   28.22   25.61   31.78   83.21   25.14     -      4.18
2017 202   39.67   15.55   38.12   27.84   25.58   31.63   84.77   25.07     -      4.44
2017 203   39.85   17.60   38.05   27.88   25.48   30.44   86.18   25.38     -      3.24
2017 204   39.74   19.76   38.02   28.37   25.65   31.66   85.62   25.75     -      2.89
2017 205   39.53   12.89   38.23   28.47   25.72   31.22   82.98   25.34     -      1.97
2017 206   39.20   13.46   38.48   28.80   25.94   32.55   81.36   25.35     -      2.43
2017 207   40.00   15.34   37.40   27.94   25.44   31.47   81.14   24.46     -      5.76
2017 208   39.67   17.78   37.55   28.24   24.91   31.79   82.19   24.96     -      4.70
2017 209   39.85   18.40   37.91   27.94   25.49   30.97   86.91   25.57     -      3.05
2017 210   40.00   18.32   37.66   26.74   25.08   28.49   93.27   25.55     -      2.36
2017 211   39.64    8.21   38.05   27.70   24.03   31.01   86.41   25.24     -      2.12
2017 212     -       -       -     28.44   25.71   31.93   86.55   26.00     -      2.82
2017 213   39.60   16.70   38.66   28.55   25.71   31.65   88.61   26.49     -      2.95
2017 214   39.24   15.34   38.63   28.12   26.17   30.82   90.46   26.41     -      3.28
2017 215   38.88    5.72   38.99   28.23   25.78   31.32   90.31   26.49     -      3.95
2017 216   38.84   11.12   38.27   27.87   26.33   29.69   92.30   26.50     -      2.12
2017 217   38.48   17.60   39.10   29.47   25.97   33.26   83.18   26.36     -      1.72
2017 218   38.63   17.96   38.84   28.51   27.10   29.94   89.91   26.69     -      1.90
2017 219   38.38   14.47   38.92   28.81   26.38   31.92   87.90   26.62     -      2.88
2017 220   38.56   16.60   38.77   28.60   26.05   31.26   88.08   26.44     -      2.83
2017 221   38.38   15.62   38.23   27.70   26.10   30.44   88.74   25.68     -      1.15
2017 222   38.23   12.17   38.66   28.01   25.29   31.02   89.89   26.20     -      3.43
2017 223   38.20   10.37   38.88   27.37   26.22   28.97   94.14   26.33     -      4.78
2017 224     -       -     39.71   27.29   26.20   28.90   94.37   26.29     -      4.38
2017 225   38.27    3.38   37.94   26.52   25.42   28.07   95.31   25.69     -      2.89
2017 226   38.02    9.94   37.73   27.31   24.58   30.47   87.61   25.08     -      1.80
2017 227   37.26   18.43   38.12   27.69   24.94   30.83   85.63   25.09     -      1.68
2017 228   38.09    8.03   37.87   27.04   25.58   28.83   91.44   25.52     -      2.12
2017 229   37.94   16.52   38.52   28.47   25.45   31.71   85.55   25.84     -      1.37
2017 230   37.12   17.89   38.20   28.02   25.92   30.60   89.81   26.19     -      2.67
2017 231   37.87   14.36   37.48   26.60   25.30   28.15   91.84   25.15     -      3.16
2017 232   37.66   16.85   37.58   27.01   25.24   29.22   86.34   24.55     -      2.36
2017 233   37.48   15.77   37.30   27.78   24.80   30.84   86.87   25.41     -      2.03
2017 234   37.58   14.65   37.26   27.15   25.30   29.38   91.35   25.61     -      1.90
2017 235   37.62   15.19   37.66   28.54   25.40   31.90   81.77   25.17     -      1.42
2017 236   36.97   12.13   37.48   28.86   25.70   32.77   81.06   25.35     -      1.39
2017 237   37.62   20.56   37.44   28.39   25.61   31.21   83.91   25.45     -      1.68
2017 238   37.73   21.74   37.19   28.73   26.01   31.55   85.03   26.00     -      1.90
2017 239   36.90   13.50   37.44   27.11   25.48   28.74   91.64   25.62     -      2.33
2017 240   36.79   17.78   37.66   27.89   24.97   31.22   86.94   25.53     -      3.22
2017 241   37.22   19.84   36.86   27.42   25.14   29.98   90.09   25.65     -      3.91
2017 242   36.54   19.73   37.44   27.97   25.16   30.97   86.82   25.59     -      2.58
2017 243   35.89   18.50   37.80   28.69   25.49   32.06   84.09   25.77     -      1.78
2017 244   36.11   13.72   37.62   27.20   25.45   29.58   91.77   25.74     -      2.24
2017 245   35.64   17.14   37.44   26.92   25.24   29.11   92.52   25.59     -      2.87
2017 246   35.86   17.21   37.30   27.33   24.98   30.44   90.36   25.61     -      3.05
2017 247   35.53   20.63   36.07   27.51   24.83   31.22   88.35   25.42     -      3.57
2017 248   36.40   21.74   35.39   27.56   24.44   31.51   87.01   25.22     -      2.40
2017 249   36.00   19.87   35.78   28.16   24.54   32.17   83.85   25.21     -      1.68
2017 250   35.96   20.70   35.64   28.08   24.65   31.76   84.31   25.22     -      1.82
2017 251   35.82   21.06   35.53   27.61   24.79   31.08   88.05   25.46     -      2.86
2017 252   34.74   21.13   35.28   27.67   24.56   31.44   88.49   25.60     -      3.61
2017 253   34.49   20.45   35.57   28.06   24.76   32.04   84.56   25.25     -      2.33
2017 254   35.21   20.09   35.42   28.10   24.62   31.78   83.29   25.04     -      1.87
2017 255   34.31   20.30   36.25   27.42   25.31   30.07   90.73   25.77     -      1.89
2017 256   35.24   19.84   36.61   28.11   24.99   31.70   83.40   25.07     -      1.92
2017 257   34.20   19.22   35.96   27.38   24.35   30.89   86.36   24.92     -      1.82
2017 258   34.09   16.70   36.04   27.02   24.84   29.74   88.55   24.97     -      1.70
2017 259   34.88   21.56   35.78   28.41   24.58   32.14   83.85   25.45     -      1.49
2017 260   34.42   21.92   36.07   29.51   25.71   32.88   79.63   25.69     -      1.42
2017 261   33.66   16.56   37.01   26.91   24.88   28.39   92.14   25.52     -      2.48
2017 262   33.52   19.73   37.04   27.65   24.32   30.58   84.36   24.81     -      1.57
2017 263   33.55   13.86   37.62   26.72   25.14   29.30   89.82   24.91     -      3.22
2017 264   32.98    8.96   37.01   25.80   24.17   27.88   91.95   24.38     -      4.04
2017 265   33.23    8.64   37.26   26.61   24.85   28.81   91.81   25.16     -      2.68
2017 266   33.16   20.05   36.18   27.58   24.92   30.90   87.61   25.35     -      2.31
2017 267   32.69   19.30   35.60   27.74   24.74   31.72   85.07   25.03     -      2.20
2017 268   32.76   18.14   35.71   27.75   24.56   31.34   84.13   24.86     -      1.68
2017 269   31.97   17.06   35.24   27.97   24.19   31.31   80.05   24.27     -      1.35
2017 270   32.76   19.58   35.10     -       -       -       -       -       -      1.21
2017 271   31.82   17.50   35.78   28.02   25.03   31.56   82.50   24.81     -      1.65
2017 272   31.93   16.56   36.04   27.67   24.17   31.39   78.51   23.67     -      1.09
2017 273   31.82   17.28   35.82   27.07   24.00   30.72   87.27   24.78     -      1.75
2017 274   32.11   18.50   35.21   26.90   23.92   30.22   85.48   24.28     -      1.82
2017 275   31.75   16.42   35.64   27.05   23.62   30.72   81.98   23.76     -      1.27
2017 276   30.96   17.42   34.78   26.92   23.44   30.33   82.30   23.69     -      1.34
2017 277   31.14   19.01   34.52   27.45   23.83   31.31   81.36   24.03     -      1.56
2017 278   30.31   19.76   33.91   27.47   23.23   31.58   77.87   23.35     -      1.12
2017 279   31.25   20.12   33.91   27.89   23.95   32.03   78.45   23.87     -      1.44
2017 280   31.21   19.55   34.02   28.17   24.62   32.03   78.77   24.21     -      1.52
2017 281   29.81   18.79   33.41   28.33   24.26   32.40   75.57   23.70     -      1.17
2017 282   29.88   18.68   33.41   28.22   24.68   32.07   75.22   23.52     -      1.29
2017 283   29.77   17.78   34.16   27.15   23.48   30.92   81.28   23.72     -      1.62
2017 284   29.95   17.75   34.42   27.92   23.93   32.17   76.25   23.45     -      1.55
2017 285   29.16   18.79   34.09   28.20   24.76   32.17   74.71   23.39     -      1.05
2017 286   29.74   15.91   33.95   27.00   23.23   31.42   72.57   21.76     -      1.57
2017 287   29.30   18.90   31.72   26.03   21.62   31.38   70.36   20.33     -      1.54
2017 288   29.48   19.04   30.56   25.81   21.21   31.27   65.82   19.06     -      1.58
2017 289   28.58   18.40   31.18   25.09   20.39   30.04   69.89   19.33     -      1.83
2017 290   28.48   18.68   31.64   26.07   21.08   31.26   66.98   19.59     -      1.53
2017 291   29.05   19.08   31.50   27.01   21.89   32.22   66.31   20.33     -      1.76
2017 292   27.68   18.94   31.90   26.91   21.87   32.28   73.32   21.84     -      2.54
2017 293   28.26   17.50   33.34   26.69   22.91   31.39   80.66   23.15     -      2.07
2017 294   28.19   13.79   33.84   24.85   21.87   28.99   83.48   21.89     -      2.06
2017 295   27.43   15.80   32.40   24.97   20.35   30.63   71.08   19.48     -      1.62
2017 296   27.58   17.06   30.49   23.94   19.51   29.70   60.78   16.02     -      1.47
2017 297   27.94   18.22   28.55   23.80   18.19   29.42   58.69   15.33     -      1.76
2017 298     -       -       -     23.22   18.63   29.24   52.83   13.13     -      1.48
2017 299     -       -       -     22.30   16.45   28.44   57.86   13.70     -      1.71
2017 300     -       -       -     22.79   17.31   28.22   61.80   15.19     -      1.61
2017 301     -       -       -       -       -       -       -       -       -       -  
2017 302     -       -       -       -       -       -       -       -       -       -  
2017 303     -       -       -       -       -       -       -       -       -       -  
2017 304     -       -       -       -       -       -       -       -       -      0.78
2017 305     -       -       -       -       -       -       -       -       -       -  
2017 306     -       -       -       -       -       -       -       -       -       -  
2017 307     -       -       -       -       -       -       -       -       -       -  
2017 308     -       -       -       -       -       -       -       -       -       -  
2017 309     -       -       -       -       -       -       -       -       -       -  
2017 310     -       -       -       -       -       -       -       -       -       -  
2017 311     -       -       -       -       -       -       -       -       -       -  
2017 312     -       -       -       -       -       -       -       -       -       -  
2017 313     -       -       -       -       -       -       -       -       -       -  
2017 314     -       -       -       -       -       -       -       -       -       -  
2017 315     -       -       -       -       -       -       -       -       -       -  
2017 316     -       -       -       -       -       -       -       -       -       -  
2017 317     -       -       -       -       -       -       -       -       -       -  
2017 318     -       -       -       -       -       -       -       -       -       -  
2017 319     -       -       -       -       -       -       -       -       -       -  
2017 320     -       -       -       -       -       -       -       -       -       -  
2017 321     -       -       -       -       -       -       -       -       -       -  
2017 322     -       -       -       -       -       -       -       -       -       -  
2017 323     -       -       -       -       -       -       -       -       -       -  
2017 324     -       -       -       -       -       -       -       -       -       -  
2017 325     -       -       -       -       -       -       -       -       -       -  
2017 326     -       -       -       -       -       -       -       -       -       -  
2017 327     -       -       -       -       -       -       -       -       -       -  
2017 328     -       -       -       -       -       -       -       -       -       -  
2017 329     -       -       -       -       -       -       -       -       -       -  
2017 330     -       -       -       -       -       -       -       -       -       -  
2017 331     -       -       -       -       -       -       -       -       -       -  
2017 332     -       -       -       -       -       -       -       -       -       -  
2017 333     -       -       -       -       -       -       -       -       -       -  
2017 334     -       -       -       -       -       -       -       -       -       -  
2017 335     -       -       -       -       -       -       -       -       -       -  
2017 336     -       -       -       -       -       -       -       -       -       -  
2017 337     -       -       -       -       -       -       -       -       -       -  
2017 338     -       -       -       -       -       -       -       -       -       -  
2017 339     -       -       -       -       -       -       -       -       -       -  
2017 340     -       -       -       -       -       -       -       -       -       -  
2017 341     -       -       -       -       -       -       -       -       -       -  
2017 342     -       -       -       -       -       -       -       -       -       -  
2017 343     -       -       -       -       -       -       -       -       -       -  
2017 344     -       -       -       -       -       -       -       -       -       -  
2017 345     -       -       -       -       -       -       -       -       -       -  
2017 346     -       -       -       -       -       -       -       -       -       -  
2017 347     -       -       -       -       -       -       -       -       -       -  
2017 348     -       -       -       -       -       -       -       -       -       -  
2017 349     -       -       -       -       -       -       -       -       -       -  
2017 350     -       -       -       -       -       -       -       -       -       -  
2017 351     -       -       -       -       -       -       -       -       -       -  
2017 352     -       -       -       -       -       -       -       -       -       -  
2017 353     -       -       -       -       -       -       -       -       -       -  
2017 354     -       -       -       -       -       -       -       -       -       -  
2017 355     -       -       -       -       -       -       -       -       -       -  
2017 356     -       -       -       -       -       -       -       -       -       -  
2017 357     -       -       -       -       -       -       -       -       -       -  
2017 358     -       -       -       -       -       -       -       -       -       -  
2017 359     -       -       -       -       -       -       -       -       -       -  
2017 360     -       -       -       -       -       -       -       -       -       -  
2017 361     -       -       -       -       -       -       -       -       -       -  
2017 362     -       -       -       -       -       -       -       -       -       -  
2017 363     -       -       -       -       -       -       -       -       -       -  
2017 364     -       -       -       -       -       -       -       -       -       -  
2017 365     -       -       -       -       -       -       -       -       -       -  
