LAI Measurements Date: 2017_03_02 
    
    
S.n Length Breadth  row_spec
    1st_row
    1st_row
    1st_row
    1st_row
    1st_row
    1st_row
    1st_row
    1st_row
    1st_row
    1st_row
    1st_row
    1st_row
    1st_row
    1st_row
    1st_row
    1st_row
    1st_row
    1st_row
    1st_row
    1st_row
    2nd_row
    2nd_row
    2nd_row
    2nd_row
    2nd_row
    2nd_row
    2nd_row
    2nd_row
    2nd_row
    2nd_row
    2nd_row
    2nd_row
    2nd_row
    2nd_row
    2nd_row
    2nd_row
    2nd_row
    2nd_row
    2nd_row
    2nd_row
    3rd_row
    3rd_row
    3rd_row
    3rd_row
    3rd_row
    3rd_row
    3rd_row
    3rd_row
    3rd_row
    3rd_row
    3rd_row
    3rd_row
    3rd_row
    3rd_row
    3rd_row
    3rd_row
    3rd_row
    3rd_row
    3rd_row
    3rd_row
1 18.3 1.5222222222  4th_row_E_to_W
2 19.1,22.6,21.1 1.7,1.3,1.6  4th_row_E_to_W
3 26,23.6,19.5,22.8 1.6,1.5,1.2,1.3 Line 4th_row_E_to_W
4 18.4,18.7,20.8 1.8,1.6,1.4  4th_row_E_to_W
5 21.3,21.5,31 1.7,1.7,1.9  4th_row_E_to_W
6 30.8,29.3,38.9,30.3,31.8 1.9,1.6,2,1.6,1.6  4th_row_E_to_W
7 20.6,31.2,20.6,15.5 1.6,1.8,1.7,1.6  4th_row_E_to_W
8 30.5,19,23.6 1.9,1.6,1.6  4th_row_E_to_W
9 23.2,19,11.5,14.5 1.4,1.8,1.4,1.4 Line 4th_row_E_to_W
10 18.3,34.8,30.1 1.6,2.1,2.1  4th_row_E_to_W
11 21,18,30.5 1.6,1.5,1.9  4th_row_E_to_W
12 16.6,24.5,21.9,19.2 1.8,1.8,1.6,1.6  4th_row_E_to_W
13 29.5,19.5,32 1.5,1.6,1.7  4th_row_E_to_W
14 13.1,17.7,18.5 1.3,1.6,1.6  4th_row_E_to_W
15 22.1,18.7,17.6,18.1 1.6,1.4,1.4,1.5  4th_row_E_to_W
16 20.3,18.4,17.8,27.1 1.6,1.6,1.5,1.6  4th_row_E_to_W
17 20.1,18.1,18.4,23.4 1.6,1.5,1.6,1.5  4th_row_E_to_W
18 18,18.7,16.9 1.6,1.6,1.7  4th_row_E_to_W
19 16.5,13.5,28.8,23.5 1.6,1.4,1.9,1.6  4th_row_E_to_W
20 17,19.5,17 1.5,1.8,1.7  4th_row_E_to_W
21 11.8,15,13.2 1.4,1.4,1.4  5th_row_E_to_W
22 18,17,13.2 1.4,1.3,1.5  5th_row_E_to_W
23 21,16.5,15.1 1.5,1.4,1.5  5th_row_E_to_W
24 26,30,26 1.7,1.8,2.1  5th_row_E_to_W
25 26,29,26 1.5,1.6,1.7  5th_row_E_to_W
26 18.2,24,22.5,25 2.2,1.7,2,2.1  5th_row_E_to_W
27 17.5,19,18.5,19.5 1.7,1.2,1.8,1.8  5th_row_E_to_W
28 21.5,21,24 1.6,1.5,1.5  5th_row_E_to_W
29 27.5,26,25 1.8,1.4,1.4  5th_row_E_to_W
30 35,25,35 1.8,1.8,1.7  5th_row_E_to_W
31 24.5,25.4,24,29 2,1.9,1.9,1.9  5th_row_E_to_W
32 29.5,21,26,26.8 1.8,1.4,1.6,1.7  5th_row_E_to_W
33 15.5,23,18.5,24.5 1.6,1.8,1.6,1.7  5th_row_E_to_W
34 18,19,19,27 1.6,1.5,1.4,1.6  5th_row_E_to_W
35 31,22.5,34 2,1.7,1.6  5th_row_E_to_W
36 26,24.5,30 1.6,1.8,1.5  5th_row_E_to_W
37 17.5,19,29.5 1.5,1.6,1.7  5th_row_E_to_W
38 29,21.5,21,19 1.7,1.6,1.6,1.5  5th_row_E_to_W
39 15,14,24.5 1.6,1.7,1.5  5th_row_E_to_W
40 24,21.5,21,15 1.8,1.6,1.9,1.6  5th_row_E_to_W
41 28.4,13.9,16.2 1.7,1.4,1.6  6th_row_W_to_E
42 16,19.4,18.9,16.4 1.4,1.6,1.5,1.5  6th_row_W_to_E
43 14,16,27 1.5,1.5,1.6  6th_row_W_to_E
44 29.4,25,14 1.5,1.5,1.2  6th_row_W_to_E
45 14.8,21.2,24.7 1.5,1.6,1.7  6th_row_W_to_E
46 21.1,22,22.3 1.6,1.6,1.4  6th_row_W_to_E
47 21.3,27.3,23,24.1 2,2.2,1.8,1.7  6th_row_W_to_E
48 27.2,25.5,22.5,21.3 1.9,1.6,1.5,1.6  6th_row_W_to_E
49 22.6,23.1,19.5 1.6,1.6,1.6  6th_row_W_to_E
50 14.8,14.9,16.5,15 1.7,1.7,1.8,1.6  6th_row_W_to_E
51 24.5,28,26,22 1.5,1.5,1.8,1.8  6th_row_W_to_E
52 22.4,16.8,23.5,30.6 1.4,1.4,1.7,1.8 check 6th_row_W_to_E
53 30.2,26.2,23.4,26.2 2.1,1.6,1.9,2  6th_row_W_to_E
54 19,24.5,20 1.6,2,1.6  6th_row_W_to_E
55 31,12.4,19.6 1.8,1.2,1.5  6th_row_W_to_E
56 35,23,22 1.6,1.7,1.9  6th_row_W_to_E
57 24.7,21.5,24,19.8 1.8,1.7,1.5,1.4  6th_row_W_to_E
58 23.6,25.1,30.2,25.2 1.8,1.9,2.1,1.9  6th_row_W_to_E
59 16.6,31.1,31 1.6,1.8,1.8  6th_row_W_to_E
60 20.4,17.2,22.3 1.6,1.4,1.5  6th_row_W_to_E
61 15.5,24,19.9 1.2,1.5,1.6  7th_row_E_to_W
62 20.5,18.5,21.4 1.6,1.7,1.8  7th_row_E_to_W
63 18,18,17.8,20.3 1.9,1.9,1.6,1.7  7th_row_E_to_W
64 28,24.5,24.3,26 2.3,1.9,2.2,2.1  7th_row_E_to_W
65 26.1,27,17.5 1.8,1.9,1.8  7th_row_E_to_W
66 24.5,30.2,23.4 1.5,2,1.6  7th_row_E_to_W
67 23,20.8,19.5,26.7 1.7,1.4,1.7,1.6  7th_row_E_to_W
68 29,30,35.5 1.9,1.6,2  7th_row_E_to_W
69 31,22.2,28.1 1.7,1.7,1.8  7th_row_E_to_W
70 30,21.5,24,28 1.6,1.3,1.5,1.4  7th_row_E_to_W
71 22,24,19.1,27 1.6,1.9,1.5,1.6  7th_row_E_to_W
72 23.5,26,21 1.7,1.7,1.6  7th_row_E_to_W
73 25,27,26.1 1.7,2,1.5  7th_row_E_to_W
74 14.1,28.8,19.4 1.3,1.7,1.5  7th_row_E_to_W
75 16.5,30,25.8 1.4,1.5,1.5  7th_row_E_to_W
76 19.2,21.5,22.5,23.5 1.5,1.6,1.6,1.6  7th_row_E_to_W
77 18.2,24.2,20.4 1.6,1.4,1.8  7th_row_E_to_W
78 23,27.1,28,26 1.4,1.6,1.7,1.5  7th_row_E_to_W
79 19.5,23.5,20 1.7,1.3,1.5  7th_row_E_to_W
80 17.5,13,17.8,12.5 1.5,1.3,1.5,1.2  7th_row_E_to_W
81 22,15,17.6,13.4 1.6,1.4,1.6,1.4  8th_row_E_to_W
82 24.2,23.5,28.4,21.9 1.9,1.7,1.9,1.8  8th_row_E_to_W
83 21.7,27.5,30.3 1.6,1.6,1.6  8th_row_E_to_W
84 27.4,25.1,26.2 1.5,1.8,1.9  8th_row_E_to_W
85 16.8,16.9,21.4,12.3 1.3,1.5,1.5,1.5  8th_row_E_to_W
86 31.2,22.7,28.1,25.6 1.7,1.7,1.6,1.5  8th_row_E_to_W
87 23.8,28.9,29.1 2.1,2,1.8  8th_row_E_to_W
88 27.1,18.2,18.4 2,1.4,1.6  8th_row_E_to_W
89 27.6,25,25.4 1.7,1.5,2  8th_row_E_to_W
90 12.7,18.5,16.2,22.2 1.4,1.3,1.2,1.5  8th_row_E_to_W
91 21.2,24.5,28 1.9,1.8,2  8th_row_E_to_W
92 27.6,16.1,22.2,27.6 1.8,1.6,1.7,1.9  8th_row_E_to_W
93 16.6,21.3,13.8 1.5,1.7,1.6  8th_row_E_to_W
94 18.2,22.1,21.3 1.7,1.7,1.7  8th_row_E_to_W
95 20.4,26.4,17.6,16.1 1.5,1.6,1.6,1.7  8th_row_E_to_W
96 21.3,14.1,16.4 1.7,1.6,1.6  8th_row_E_to_W
97 24.5,27.6,27.6,30.6 1.5,1.6,1.7,1.9  8th_row_E_to_W
98 17.5,16.1,23.1 1.7,1.6,1.9  8th_row_E_to_W
99 16.9,17.4,23.3,25 1.5,1.6,1.9,1.9  8th_row_E_to_W
100 16.9,12.2,18 1.5,1.3,1.5  8th_row_E_to_W
101 15.5,18.5,16.5 1.5,1.6,1.4  9th_row_W_to_E
102 25,17,10.5 1.6,1.2,1.2  9th_row_W_to_E
103 17,21,21.5,24 1.6,1.5,1.5,1.7  9th_row_W_to_E
104 22.5,34,22.3 1.3,1.8,1.5  9th_row_W_to_E
105 24.5,19.5,23.5 1.9,1.8,1.6  9th_row_W_to_E
106 24,22.9,17.5,19.5 1.6,1.5,1.5,1.6  9th_row_W_to_E
107 17.5,24,14.5 1.4,1.6,1.4  9th_row_W_to_E
108 25,34,33.8,32.8 1.6,1.8,1.7,1.9  9th_row_W_to_E
109 18.2,19,18 1.7,1.4,1.7  9th_row_W_to_E
110 11.9,21.5,18.9,17 1.3,1.4,1.5,1.4  9th_row_W_to_E
111 14.5,26.5,18.5 1.7,1.5,1.7  9th_row_W_to_E
112 NA NA gap 9th_row_W_to_E
113 19.8,20.1,19,16.4 1.5,1.4,1.8,1.5  9th_row_W_to_E
114 19,26.5,14,17.9 1.6,1.9,1.1,1.7  9th_row_W_to_E
115 24.5,32.1,26 1.8,2,1.7  9th_row_W_to_E
116 18,28.5,20 1.8,2,1.9  9th_row_W_to_E
117 30,21.5,30.8 1.7,1.4,1.4  9th_row_W_to_E
118 17.5,21.5,18,21.5 1.4,1.5,1.1  9th_row_W_to_E
119 15.5,19.5,20,18.4 1.5,1.4,1.3  9th_row_W_to_E
120 21.9,18.2,29.1 1.3,1.2,1.7  9th_row_W_to_E
121 21.4,15.6,16.8 1.7,1.7,1.5  10th_row_W_to_E
122 23.4,24.3,27,22.7 1.8,2,2.8,1.9  10th_row_W_to_E
123 15.2,16.9,15 1.5,1.7,1.3  10th_row_W_to_E
124 22.2,20.5,17.6,21.5 1.7,1.5,1.6,1.8  10th_row_W_to_E
125 20.1,21.1,21.5 1.8,1.8,1.7  10th_row_W_to_E
126 22.1,24,21.3,24.4 1.9,2,1.5,1.7  10th_row_W_to_E
127 26.5,22.6,20.8 1.9,1.8,1.7  10th_row_W_to_E
128 12.2,12.1,15.8,13.1 1.2,1.2,1.4,1.4  10th_row_W_to_E
129 23.6,27.5,19.9 1.7,1.7,1.8  10th_row_W_to_E
130 19.6,14,17.8 1.8,1.4,1.8  10th_row_W_to_E
131 25.2,21.9,23.9 1.8,1.6,1.7  10th_row_W_to_E
132 20.2,18.8,17.8,18.3 1.7,1.8,1.4,1.9  10th_row_W_to_E
133 23.1,20.6,27.2 1.5,1.7,1.6  10th_row_W_to_E
134 21.6,21.8,21.2,23.2 2,1.8,1.8,1.8  10th_row_W_to_E
135 25.1,27.8,27.2 1.7,1.9,1.7  10th_row_W_to_E
136 28.8,27.5,25.2,27 2,2,2,1.8  10th_row_W_to_E
137 25,24.3,23.3 1.8,1.7,2  10th_row_W_to_E
138 19,19.1,17.9 1.7,1.5,1.5  10th_row_W_to_E
139 22.4,22.1,27.2,19.2 2.1,1.9,1.9,1.7  10th_row_W_to_E
140 18.6,18.3,19.9 1.6,1.8,1.4  10th_row_W_to_E
141 26.2,33.4,30 1.9,2,1.8  11th_row_E_to_W
142 19.9,20,22.5,20 1.6,1.5,1.7,1.7  11th_row_E_to_W
143 17.5,26,32,20 1.4,1.7,1.9,1.7  11th_row_E_to_W
144 25,21.5,16 1.8,1.4,1.5  11th_row_E_to_W
145 30.1,18.5,28,27 2.1,1.6,2,1.9  11th_row_E_to_W
146 20,30,23.6 1.7,1.8,1.7  11th_row_E_to_W
147 31,18,27 1.7,1.2,1.5  11th_row_E_to_W
148 33,27.5,35.5 2.1,1.8,2  11th_row_E_to_W
149 21.5,23.5,28.5 1.6,1.7,1.5  11th_row_E_to_W
150 31,28,29.8 1.8,1.6,2.1  11th_row_E_to_W
151 20.5,19.5,29.9,23.5 1.4,1.6,1.7,1.6  11th_row_E_to_W
152 24,21,21,19.5 1.7,1.6,1.6,1.5  11th_row_E_to_W
153 31,26,28 1.6,1.7,1.4  11th_row_E_to_W
154 26.5,23.5,24 1.8,1.7,1.7  11th_row_E_to_W
155 35,21,25.6,21 2.1,1.7,1.8,1.7  11th_row_E_to_W
156 26,29,24,23.5 1.3,2.1,1.9,2  11th_row_E_to_W
157 27,32.5,23 1.9,2,1.9  11th_row_E_to_W
158 29,26.5,26,17.5 1.5,1.6,1.6,1.6  11th_row_E_to_W
159 29.6,15.5,23 2,1.7,1.6  11th_row_E_to_W
160 16.5,20,24.5,16.5 1.7,1.6,1.6,1.5  11th_row_E_to_W
161 21.6,28.1,25.4,18.6 1.2,1.3,1.5,1.3  12th_row_E_to_W
162 20.9,28.8,30.3 1.7,2,2  12th_row_E_to_W
163 33.2,29.7,22.4 1.6,1.8,1.9  12th_row_E_to_W
164 17.6,18.2,17.3,15.9 1.8,1.6,1.5,1.5  12th_row_E_to_W
165 17.5,21.8,23.6 1.5,1.6,1.5  12th_row_E_to_W
166 18.6,20,22,22.9 1.6,1.6,1.9,1.9  12th_row_E_to_W
167 17.9,28.4,16.6,31 1.3,1.6,1.5,1.9  12th_row_E_to_W
168 19.7,23.1,20 1.5,1.6,1.4  12th_row_E_to_W
169 26.1,30.5,29.4,26.5 1.9,1.9,1.7,1.8  12th_row_E_to_W
170 23.2,22.3,26.5,26.9 1.6,1.5,1.6,1.5  12th_row_E_to_W
171 18.1,16,24 1.8,1.5,1.6  12th_row_E_to_W
172 18.1,23.3,31.5 1.5,1.7,2  12th_row_E_to_W
173 19.4,16.6,20.5,17.3 1.6,1.6,1.6,1.5  12th_row_E_to_W
174 27,24,22,18 1.9,2,1.9,1.5  12th_row_E_to_W
175 15.7,13.4,22.2 1.5,1.6,1.9  12th_row_E_to_W
176 20.5,31.6,22 1.5,1.8,1.7  12th_row_E_to_W
177 14.2,19.7,21.6 1.6,1.8,2  12th_row_E_to_W
178 19.2,15.7,25.4 1.6,1.4,2  12th_row_E_to_W
179 20.7,23,15 1.7,1.7,1.2  12th_row_E_to_W
180 23,19,21.5,22 1.7,1.6,1.7,1.7  12th_row_E_to_W
